0	-76	15	0
0	-76	10	0
0	-34	34	0
0	-41	28	0
0	-23	25	0
0	-19	39	0
0	-23	15	0
2	-46	0	0
6	0	0	-18
0	0	0	-15
25	0	0	-17
25	-40	0	0
76	-16	0	0
96	-1	0	0
54	0	0	-16
6	-38	0	0
0	-28	21	0
0	-26	32	0
0	-27	46	0
0	-32	47	0
0	-6	63	0
0	-60	14	0
0	-77	3	0
0	-70	3	0
0	-3	83	0
0	-11	51	0
0	-13	21	0
0	-16	49	0
0	-18	16	0
0	-42	28	0
2	0	0	-44
0	0	0	-74
84	0	0	-13
84	-11	0	0
18	0	0	-55
82	0	0	-4
82	-2	0	0
69	-11	0	0
40	0	0	-35
35	0	0	-34
28	0	0	-40
0	0	0	-50
100	0	0	0
100	0	0	0
100	0	0	0
100	0	0	0
100	0	0	0
100	0	0	0
69	-18	0	0
69	-7	0	0
0	-69	0	0
0	0	0	-52
0	-12	69	0
0	-16	55	0
0	-98	1	0
0	-98	1	0
0	-41	32	0
0	-21	34	0
0	-14	57	0
0	-56	27	0
0	-56	35	0
0	-9	47	0
0	-4	74	0
0	-41	26	0
0	-50	21	0
0	-17	21	0
7	-53	0	0
10	-55	0	0
11	0	0	-61
1	0	0	-62
0	0	0	-56
95	-3	0	0
98	-1	0	0
100	0	0	0
100	0	0	0
94	-3	0	0
92	-3	0	0
81	-9	0	0
0	-40	19	0
0	-13	48	0
0	-12	53	0
0	-12	42	0
0	-14	25	0
0	-39	25	0
22	-32	0	0
22	-33	0	0
47	-23	0	0
94	-3	0	0
94	-4	0	0
95	-4	0	0
95	-1	0	0
80	-11	0	0
24	-37	0	0
23	-28	0	0
36	-18	0	0
3	-38	0	0
6	0	0	-17
0	-24	8	0
0	-12	30	0
0	-15	45	0
0	-4	69	0
0	-4	82	0
0	-7	80	0
0	-4	72	0
0	-11	45	0
5	0	0	-48
5	0	0	-52
5	0	0	-65
12	0	0	-47
7	0	0	-20
0	-35	0	0
0	-59	0	0
0	0	0	-61
100	0	0	0
100	0	0	0
99	-1	0	0
68	0	0	-22
88	-4	0	0
90	-3	0	0
92	-3	0	0
82	-12	0	0
82	-11	0	0
42	0	0	-17
23	-16	0	0
0	0	0	-32
59	0	0	-18
62	-15	0	0
0	-34	0	0
21	0	0	-15
21	-17	0	0
36	-13	0	0
81	0	0	-9
48	-19	0	0
48	-23	0	0
66	-12	0	0
49	-15	0	0
60	-15	0	0
37	-14	0	0
38	0	0	-17
45	0	0	-19
47	-26	0	0
84	-10	0	0
83	-5	0	0
90	0	0	-4
92	-5	0	0
92	-5	0	0
88	-11	0	0
99	0	0	-1
99	-1	0	0
97	-2	0	0
1	0	0	-57
2	0	0	-67
4	0	0	-59
28	0	0	-48
66	-31	0	0
96	-4	0	0
96	-4	0	0
91	0	0	-4
77	-11	0	0
74	-6	0	0
69	-9	0	0
50	-24	0	0
49	-13	0	0
65	0	0	-15
73	-13	0	0
85	-14	0	0
71	-12	0	0
84	0	0	-7
84	-4	0	0
92	-3	0	0
78	-10	0	0
75	-7	0	0
86	-6	0	0
85	-6	0	0
77	-9	0	0
0	-83	10	0
0	-8	38	0
0	-13	14	0
0	-8	15	0
0	-11	22	0
0	-7	56	0
0	-6	60	0
0	-12	57	0
0	-10	47	0
0	-9	52	0
0	-8	47	0
0	-12	43	0
0	-12	56	0
0	-31	18	0
0	-34	14	0
0	-46	13	0
0	-54	24	0
0	-61	13	0
97	-1	0	0
99	0	0	-1
99	-1	0	0
99	-1	0	0
86	-7	0	0
98	-2	0	0
98	-2	0	0
100	0	0	0
100	0	0	0
96	-3	0	0
95	-1	0	0
95	-2	0	0
100	0	0	0
100	0	0	0
100	0	0	0
98	-1	0	0
93	-3	0	0
94	-4	0	0
0	-93	1	0
0	-33	4	0
0	-27	5	0
0	-28	24	0
0	-11	31	0
0	-18	36	0
0	-18	49	0
0	-5	76	0
0	-3	76	0
0	-5	61	0
0	-6	57	0
0	-8	43	0
0	-21	36	0
0	-14	45	0
0	-14	34	0
0	-21	25	0
0	-24	38	0
0	-25	48	0
0	-25	51	0
0	-28	31	0
0	-30	21	0
0	-18	17	0
0	-17	9	0
0	-15	24	0
0	-13	44	0
6	0	0	-32
15	0	0	-30
22	-46	0	0
0	-40	0	0
63	-14	0	0
67	-13	0	0
78	0	0	-7
78	-5	0	0
31	-31	0	0
0	-31	24	0
0	-28	26	0
0	-17	18	0
11	-42	0	0
13	-42	0	0
19	-81	0	0
100	0	0	0
96	-2	0	0
51	0	0	-28
18	0	0	-37
0	-16	34	0
0	-30	27	0
0	-7	62	0
0	-7	52	0
0	-14	43	0
0	-19	32	0
0	-28	23	0
0	-14	61	0
0	-11	61	0
0	-10	51	0
0	-7	71	0
0	-9	52	0
0	-6	54	0
0	-17	22	0
0	-21	0	0
0	-22	5	0
0	0	0	-26
28	0	0	-30
1	0	0	-39
0	0	0	-45
13	0	0	-27
10	0	0	-62
10	0	0	-67
0	0	0	-60
3	0	0	-59
1	0	0	-56
