0	-40	40	0
0	-40	34	0
0	-10	65	0
0	-8	63	0
0	-5	55	0
0	-7	49	0
0	-16	31	0
8	-43	0	0
11	-20	0	0
0	-79	0	0
79	-5	0	0
79	-17	0	0
95	-5	0	0
95	-5	0	0
15	0	0	-31
13	0	0	-36
0	-46	14	0
0	-19	50	0
0	-16	60	0
0	-18	66	0
0	-25	64	0
0	-37	2	0
0	-63	4	0
0	-40	6	0
0	-9	66	0
0	-12	27	0
0	-40	19	0
0	-18	24	0
0	-18	15	0
0	-48	0	0
59	-32	0	0
0	-37	0	0
100	0	0	0
100	0	0	0
4	-48	0	0
89	-5	0	0
88	-4	0	0
87	0	0	-2
70	-14	0	0
25	-32	0	0
25	0	0	-27
0	-87	0	0
100	0	0	0
100	0	0	0
98	-1	0	0
98	-1	0	0
98	-2	0	0
100	0	0	0
95	-5	0	0
94	-2	0	0
0	-90	0	0
0	0	0	-51
0	-3	81	0
0	-22	56	0
0	-27	70	0
0	-24	52	0
0	-12	52	0
0	-7	37	0
0	-21	37	0
0	-17	49	0
0	-55	0	0
0	-96	0	0
0	-90	0	0
0	-64	0	0
0	-64	0	0
0	-55	4	0
1	-19	0	0
4	0	0	-19
15	-28	0	0
33	-66	0	0
0	-33	0	0
25	-42	0	0
85	-14	0	0
100	0	0	0
100	0	0	0
98	-1	0	0
59	-10	0	0
56	-23	0	0
0	-27	0	0
0	-26	0	0
0	-15	38	0
0	-10	32	0
0	-11	33	0
0	-13	27	0
82	0	0	-8
81	-13	0	0
89	-4	0	0
82	-9	0	0
95	-5	0	0
95	-5	0	0
97	-1	0	0
99	-1	0	0
66	-32	0	0
66	-25	0	0
12	-34	0	0
4	-14	0	0
17	-27	0	0
0	-27	3	0
0	-34	6	0
0	-41	27	0
0	-20	35	0
0	-38	24	0
0	-40	24	0
0	-35	2	0
0	-49	0	0
63	-24	0	0
65	-24	0	0
85	-10	0	0
85	-4	0	0
39	-19	0	0
0	-27	0	0
0	-27	0	0
0	-33	0	0
100	0	0	0
100	0	0	0
100	0	0	0
100	0	0	0
100	0	0	0
100	0	0	0
100	0	0	0
100	0	0	0
100	0	0	0
3	-56	0	0
19	-28	0	0
19	-26	0	0
41	-16	0	0
47	-9	0	0
0	-39	0	0
1	-53	0	0
7	-48	0	0
70	-19	0	0
100	0	0	0
100	0	0	0
100	0	0	0
100	0	0	0
84	-4	0	0
82	-4	0	0
72	-9	0	0
72	0	0	-9
72	0	0	-9
56	-15	0	0
81	-14	0	0
70	-27	0	0
70	-27	0	0
95	-5	0	0
95	-5	0	0
93	-3	0	0
93	-4	0	0
91	-6	0	0
91	-6	0	0
45	-16	0	0
4	-76	0	0
96	-4	0	0
96	-4	0	0
100	0	0	0
100	0	0	0
100	0	0	0
19	-42	0	0
19	-41	0	0
45	-26	0	0
78	-7	0	0
96	-2	0	0
97	-2	0	0
96	-4	0	0
96	-4	0	0
100	0	0	0
100	0	0	0
100	0	0	0
98	-1	0	0
98	-1	0	0
98	-1	0	0
98	-1	0	0
93	-6	0	0
93	-6	0	0
65	-26	0	0
0	-67	2	0
0	-18	2	0
0	-19	0	0
0	-18	7	0
0	-16	6	0
0	-17	15	0
0	-17	19	0
0	-31	18	0
0	-17	20	0
0	-8	56	0
0	-9	60	0
0	-11	53	0
0	-10	81	0
0	-45	13	0
0	-45	0	0
0	-48	0	0
0	-54	0	0
0	-34	7	0
44	-40	0	0
68	-32	0	0
100	0	0	0
100	0	0	0
100	0	0	0
100	0	0	0
100	0	0	0
100	0	0	0
100	0	0	0
100	0	0	0
18	0	0	-37
100	0	0	0
100	0	0	0
100	0	0	0
100	0	0	0
100	0	0	0
98	-2	0	0
95	-2	0	0
0	-23	1	0
0	-36	0	0
0	-17	3	0
0	-23	6	0
0	-20	15	0
0	-34	24	0
0	-33	21	0
0	-19	56	0
0	-24	45	0
0	-25	36	0
0	-10	52	0
0	-9	40	0
0	-17	25	0
0	-18	28	0
0	-25	7	0
0	-28	2	0
0	-26	43	0
0	-11	56	0
0	-8	69	0
0	-53	10	0
0	-53	0	0
0	-20	39	0
0	-16	32	0
0	-11	30	0
0	-23	27	0
25	-27	0	0
25	-20	0	0
61	-27	0	0
0	-95	0	0
95	-2	0	0
95	-2	0	0
97	-3	0	0
95	-1	0	0
75	-22	0	0
0	-22	41	0
0	-22	27	0
0	-28	21	0
91	-5	0	0
99	-1	0	0
100	0	0	0
100	0	0	0
56	-44	0	0
14	-38	0	0
6	-36	0	0
0	-23	25	0
0	-12	40	0
0	-12	61	0
0	-8	45	0
0	-12	33	0
0	-12	37	0
0	-42	19	0
0	-11	56	0
0	-12	69	0
0	-19	16	0
0	-19	17	0
0	-35	8	0
0	-22	9	0
0	-36	0	0
0	-26	0	0
0	-42	0	0
0	-26	0	0
1	0	0	-38
4	-35	0	0
0	-42	0	0
31	-43	0	0
66	0	0	-15
52	0	0	-22
3	-30	0	0
1	0	0	-27
0	0	0	-53
