0	-11	89	0
0	-9	91	0
0	-10	90	0
0	0	100	0
0	0	100	0
100	0	0	0
100	0	0	0
100	0	0	0
100	0	0	0
100	0	0	0
100	0	0	0
100	0	0	0
100	0	0	0
100	0	0	0
100	0	0	0
100	0	0	0
100	0	0	0
100	0	0	0
100	0	0	0
100	0	0	0
100	0	0	0
100	0	0	0
100	0	0	0
100	0	0	0
100	0	0	0
100	0	0	0
100	0	0	0
100	0	0	0
100	0	0	0
100	0	0	0
100	0	0	0
100	0	0	0
100	0	0	0
100	0	0	0
100	0	0	0
100	0	0	0
100	0	0	0
100	0	0	0
100	0	0	0
100	0	0	0
100	0	0	0
100	0	0	0
100	0	0	0
100	0	0	0
100	0	0	0
100	0	0	0
0	-15	85	0
0	-9	91	0
100	0	0	0
100	0	0	0
100	0	0	0
100	0	0	0
100	0	0	0
100	0	0	0
100	0	0	0
100	0	0	0
100	0	0	0
100	0	0	0
100	0	0	0
100	0	0	0
100	0	0	0
6	0	0	-94
