0	-11	89	0
0	-4	96	0
0	-6	94	0
0	-4	96	0
0	-10	90	0
0	-5	95	0
100	0	0	0
100	0	0	0
100	0	0	0
100	0	0	0
100	0	0	0
100	0	0	0
100	0	0	0
100	0	0	0
100	0	0	0
100	0	0	0
100	0	0	0
100	0	0	0
100	0	0	0
16	0	0	-84
100	0	0	0
100	0	0	0
100	0	0	0
100	0	0	0
99	-1	0	0
99	-1	0	0
99	-1	0	0
100	0	0	0
100	0	0	0
100	0	0	0
100	0	0	0
100	0	0	0
100	0	0	0
100	0	0	0
100	0	0	0
100	0	0	0
100	0	0	0
100	0	0	0
100	0	0	0
100	0	0	0
100	0	0	0
92	-8	0	0
91	-8	0	0
91	-8	0	0
91	-8	0	0
91	0	0	-8
0	-8	92	0
0	-3	97	0
99	-1	0	0
100	0	0	0
100	0	0	0
100	0	0	0
100	0	0	0
100	0	0	0
100	0	0	0
100	0	0	0
100	0	0	0
100	0	0	0
100	0	0	0
100	0	0	0
100	0	0	0
100	0	0	0
