0	0	100	0
0	0	100	0
0	-2	98	0
0	0	100	0
0	0	100	0
0	-18	82	0
0	0	100	0
0	-17	83	0
0	-10	90	0
0	-2	98	0
0	0	100	0
100	0	0	0
100	0	0	0
100	0	0	0
0	0	0	-95
19	0	0	-81
100	0	0	0
100	0	0	0
100	0	0	0
100	0	0	0
100	0	0	0
0	-100	0	0
97	-3	0	0
97	-3	0	0
97	-3	0	0
97	-3	0	0
97	-3	0	0
97	-3	0	0
97	-3	0	0
100	0	0	0
100	0	0	0
100	0	0	0
100	0	0	0
100	0	0	0
100	0	0	0
97	-3	0	0
0	0	0	-88
87	-10	0	0
90	-10	0	0
88	0	0	-12
93	0	0	-5
93	-7	0	0
93	-7	0	0
100	0	0	0
100	0	0	0
100	0	0	0
100	0	0	0
100	0	0	0
100	0	0	0
100	0	0	0
99	-1	0	0
99	-1	0	0
97	-3	0	0
100	0	0	0
0	-90	0	0
100	0	0	0
100	0	0	0
100	0	0	0
100	0	0	0
99	-1	0	0
99	-1	0	0
100	0	0	0
97	-3	0	0
97	-3	0	0
0	-97	0	0
0	-100	0	0
100	0	0	0
93	-7	0	0
93	-7	0	0
100	0	0	0
100	0	0	0
100	0	0	0
100	0	0	0
100	0	0	0
97	-3	0	0
100	0	0	0
100	0	0	0
100	0	0	0
100	0	0	0
100	0	0	0
100	0	0	0
100	0	0	0
100	0	0	0
100	0	0	0
100	0	0	0
100	0	0	0
100	0	0	0
100	0	0	0
100	0	0	0
100	0	0	0
100	0	0	0
0	-90	0	0
0	-90	0	0
100	0	0	0
100	0	0	0
100	0	0	0
100	0	0	0
100	0	0	0
100	0	0	0
100	0	0	0
100	0	0	0
100	0	0	0
100	0	0	0
5	-95	0	0
0	0	0	-77
