REMARK  Neural network 3-state phi/psi distribution prediction for shifts06052015.str
REMARK    A: Alpha        (-160<Phi<0&-70<psi<60)
REMARK    P: Positive_Phi (0<Phi<160&-60<psi<95) 
REMARK    B: Beta         (all others)

VARS RESID RESNAME CS_CNT CS_CNT_R2 Q_A Q_B Q_P 
FORMAT %4d %1s %2d %2d %7.4f %7.4f %7.4f 

   11 I  6  2  0.0000  0.0000  0.0000 
   12 G 11  4  0.1894  0.6490  0.1615 
   13 A 12  5  0.0120  0.9861  0.0018 
   14 M  8  3  0.0160  0.9840  0.0000 
   15 Y  3  0  0.0000  0.0000  0.0000 
   16 E  0  0  0.0000  0.0000  0.0000 
   17 I  0  0  0.0000  0.0000  0.0000 
   18 E  0  0  0.0000  0.0000  0.0000 
   19 N  0  0  0.0000  0.0000  0.0000 
   20 V  0  0  0.0000  0.0000  0.0000 
   21 E  0  0  0.0000  0.0000  0.0000 
   22 G  0  0  0.0000  0.0000  0.0000 
   23 Y  0  0  0.0000  0.0000  0.0000 
   24 G  0  0  0.0000  0.0000  0.0000 
   25 E  0  0  0.0000  0.0000  0.0000 
   26 D  0  0  0.0000  0.0000  0.0000 
   27 M  0  0  0.0000  0.0000  0.0000 
   28 D  0  0  0.0000  0.0000  0.0000 
   29 G  3  0  0.0000  0.0000  0.0000 
   30 L  5  3  0.0000  0.0000  0.0000 
   31 A  8  2  0.0314  0.9637  0.0049 
   32 E  7  3  0.0000  0.0000  0.0000 
   33 P  9  2  0.4004  0.5918  0.0078 
   34 S 10  4  0.3230  0.6770  0.0000 
   35 V 10  4  0.0083  0.9917  0.0000 
   36 Y 11  2  0.0066  0.9934  0.0000 
   37 F 12  5  0.0008  0.9989  0.0003 
   38 N 15  5  0.0089  0.9906  0.0006 
   39 A 15  5  0.0071  0.9921  0.0007 
   40 A 14  5  0.0133  0.9855  0.0012 
   41 N 13  4  0.0076  0.9924  0.0000 
   42 G 11  4  0.0474  0.9073  0.0454 
   43 P 12  3  0.0699  0.9301  0.0000 
   44 W 13  5  0.0733  0.9138  0.0129 
   45 R 15  5  0.0030  0.9954  0.0015 
   46 I 15  5  0.0066  0.9915  0.0018 
   47 A 15  5  0.0056  0.9930  0.0014 
   48 L 15  5  0.0061  0.9926  0.0013 
   49 A 15  5  0.0057  0.9943  0.0000 
   50 Y 15  5  0.0156  0.9823  0.0021 
   51 Y 14  5  0.0255  0.9745  0.0000 
   52 Q 12  4  0.0247  0.9753  0.0000 
   53 E  7  3  0.0069  0.9931  0.0000 
   54 G  3  0  0.0000  0.0000  0.0000 
   55 P  4  0  0.0000  0.0000  0.0000 
   56 V  4  4  0.0000  0.0000  0.0000 
   57 D  4  0  0.0000  0.0000  0.0000 
   58 Y  0  0  0.0000  0.0000  0.0000 
   59 S  0  0  0.0000  0.0000  0.0000 
   60 A  0  0  0.0000  0.0000  0.0000 
   61 G  0  0  0.0000  0.0000  0.0000 
   62 K  0  0  0.0000  0.0000  0.0000 
   63 R  0  0  0.0000  0.0000  0.0000 
   64 G  0  0  0.0000  0.0000  0.0000 
   65 T  0  0  0.0000  0.0000  0.0000 
   66 W  0  0  0.0000  0.0000  0.0000 
   67 F  0  0  0.0000  0.0000  0.0000 
   68 D  0  0  0.0000  0.0000  0.0000 
   69 R  1  0  0.0000  0.0000  0.0000 
   70 P  5  1  0.0000  0.0000  0.0000 
   71 E  9  4  0.0121  0.9822  0.0057 
   72 L 12  4  0.0064  0.9922  0.0014 
   73 E 13  4  0.0060  0.9931  0.0009 
   74 V 14  5  0.0063  0.9937  0.0000 
   75 H 15  5  0.0212  0.9771  0.0017 
   76 Y 15  5  0.0159  0.9824  0.0017 
   77 Q 13  5  0.0000  1.0000  0.0000 
   78 F  8  3  0.3720  0.6074  0.0206 
   79 L  3  0  0.0000  0.0000  0.0000 
   80 E  0  0  0.0000  0.0000  0.0000 
   81 N  0  0  0.0000  0.0000  0.0000 
   82 D  0  0  0.0000  0.0000  0.0000 
   83 D  0  0  0.0000  0.0000  0.0000 
   84 F  1  0  0.0000  0.0000  0.0000 
   85 S  4  1  0.0000  0.0000  0.0000 
   86 F  8  3  0.0002  0.9956  0.0043 
   87 G 12  4  0.0257  0.9584  0.0158 
   88 L 14  5  0.0063  0.9937  0.0000 
   89 T 14  5  0.0063  0.9937  0.0000 
   90 G 13  4  0.0192  0.9745  0.0062 
   91 G 13  4  0.0186  0.9804  0.0010 
   92 F 13  5  0.0114  0.9872  0.0015 
   93 R 12  4  0.0135  0.9860  0.0005 
   94 N 10  3  0.0065  0.9925  0.0010 
   95 Y 10  3  0.0113  0.9883  0.0004 
   96 G 11  4  0.0094  0.9860  0.0046 
   97 Y  8  4  0.0122  0.9878  0.0000 
   98 H  4  0  0.0000  0.0000  0.0000 
   99 Y  0  0  0.0000  0.0000  0.0000 
  100 V  0  0  0.0000  0.0000  0.0000 
  101 D  0  0  0.0000  0.0000  0.0000 
  102 E  0  0  0.0000  0.0000  0.0000 
  103 P  0  0  0.0000  0.0000  0.0000 
  104 G  0  0  0.0000  0.0000  0.0000 
  105 K  0  0  0.0000  0.0000  0.0000 
  106 D  3  0  0.0000  0.0000  0.0000 
  107 T  7  3  0.0161  0.9826  0.0013 
  108 A 12  4  0.0077  0.9923  0.0000 
  109 N 14  5  0.0685  0.9248  0.0066 
  110 M 15  5  0.0049  0.9951  0.0000 
  111 Q 15  5  0.9539  0.0312  0.0149 
  112 R 15  5  0.0021  0.9911  0.0068 
  113 W 14  5  0.0045  0.9924  0.0031 
  114 K 14  4  0.0172  0.9828  0.0000 
  115 I 14  5  0.0064  0.9908  0.0028 
  116 A 13  5  0.0045  0.9955  0.0000 
  117 P 13  3  0.0242  0.9758  0.0000 
  118 D 13  5  0.0259  0.9731  0.0010 
  119 W 15  5  0.0272  0.9687  0.0041 
  120 D 14  5  0.0063  0.9928  0.0009 
  121 V 13  4  0.0054  0.9946  0.0000 
  122 K  8  4  0.0670  0.9330  0.0000 
  123 L  8  0  0.0803  0.9102  0.0095 
  124 T  4  4  0.0000  0.0000  0.0000 
  125 D  4  0  0.0000  0.0000  0.0000 
  126 D  5  0  0.0000  0.0000  0.0000 
  127 L 10  5  0.0000  0.9914  0.0086 
  128 R 15  5  0.0076  0.9921  0.0003 
  129 F 15  5  0.0078  0.9915  0.0007 
  130 N 14  5  0.0145  0.9855  0.0000 
  131 G 14  4  0.0183  0.9802  0.0015 
  132 W 14  5  0.0128  0.9852  0.0020 
  133 L 15  5  0.0111  0.9875  0.0014 
  134 S 13  5  0.0089  0.9904  0.0007 
  135 M 12  3  0.0111  0.9878  0.0010 
  136 Y 11  4  0.0073  0.9913  0.0015 
  137 K 12  4  0.0091  0.9902  0.0007 
  138 F 13  4  0.0054  0.9940  0.0007 
  139 A 14  5  0.0023  0.9977  0.0000 
  140 N 14  5  0.8736  0.0641  0.0624 
  141 D 14  4  0.8653  0.0538  0.0809 
  142 L 14  5  0.9832  0.0168  0.0000 
  143 N 15  5  0.9981  0.0000  0.0019 
  144 T 15  5  0.9969  0.0005  0.0026 
  145 T 14  5  0.9957  0.0043  0.0000 
  146 G 13  4  0.0456  0.0152  0.9392 
  147 Y 13  4  0.7381  0.2619  0.0000 
  148 A 14  5  0.9500  0.0439  0.0061 
  149 D 15  5  0.7024  0.2582  0.0394 
  150 T 14  5  0.0272  0.9574  0.0155 
  151 R 12  4  0.0084  0.9914  0.0002 
  152 V 12  3  0.0092  0.9887  0.0020 
  153 E 13  5  0.0171  0.9828  0.0001 
  154 T 15  5  0.0156  0.9841  0.0003 
  155 E 15  5  0.0285  0.9715  0.0000 
  156 T 14  5  0.0208  0.9792  0.0000 
  157 G 14  4  0.0871  0.8773  0.0357 
  158 L 14  5  0.0020  0.9980  0.0000 
  159 Q 15  5  0.0079  0.9912  0.0008 
  160 Y 15  5  0.0070  0.9925  0.0006 
  161 T 15  5  0.0110  0.9885  0.0005 
  162 F 15  5  0.9777  0.0155  0.0067 
  163 N 15  5  0.9776  0.0224  0.0000 
  164 E 15  5  0.1040  0.0134  0.8827 
  165 T 15  5  0.9886  0.0114  0.0000 
  166 V 15  5  0.0084  0.9847  0.0069 
  167 A 15  5  0.0062  0.9929  0.0009 
  168 L 15  5  0.0123  0.9860  0.0017 
  169 R 15  5  0.0064  0.9930  0.0006 
  170 V 15  5  0.0093  0.9899  0.0008 
  171 N 15  5  0.0113  0.9870  0.0016 
  172 Y 15  5  0.0062  0.9926  0.0012 
  173 Y 15  5  0.0121  0.9878  0.0001 
  174 L 14  5  0.0137  0.9848  0.0015 
  175 E  9  4  0.0000  1.0000  0.0000 
  176 R  4  0  0.0000  0.0000  0.0000 
  177 G  0  0  0.0000  0.0000  0.0000 
  178 F  0  0  0.0000  0.0000  0.0000 
  179 N  0  0  0.0000  0.0000  0.0000 
  180 M  0  0  0.0000  0.0000  0.0000 
  181 D  0  0  0.0000  0.0000  0.0000 
  182 D  0  0  0.0000  0.0000  0.0000 
  183 S  0  0  0.0000  0.0000  0.0000 
  184 R  0  0  0.0000  0.0000  0.0000 
  185 N  0  0  0.0000  0.0000  0.0000 
  186 N  0  0  0.0000  0.0000  0.0000 
  187 G  0  0  0.0000  0.0000  0.0000 
  188 E  0  0  0.0000  0.0000  0.0000 
  189 F  0  0  0.0000  0.0000  0.0000 
  190 S  0  0  0.0000  0.0000  0.0000 
  191 T  0  0  0.0000  0.0000  0.0000 
  192 Q  0  0  0.0000  0.0000  0.0000 
  193 E  5  0  0.0000  0.0000  0.0000 
  194 I 10  5  0.0074  0.9894  0.0032 
  195 R 15  5  0.0236  0.9724  0.0040 
  196 A 15  5  0.0062  0.9924  0.0015 
  197 Y 14  5  0.0076  0.9913  0.0011 
  198 L 12  4  0.0092  0.9886  0.0021 
  199 P 12  3  0.0040  0.9916  0.0044 
  200 L 13  5  0.0093  0.9907  0.0000 
  201 T 15  5  0.0081  0.9919  0.0000 
  202 L 14  5  0.0439  0.9516  0.0045 
  203 G 14  4  0.0017  0.9983  0.0000 
  204 N 14  5  0.9277  0.0556  0.0168 
  205 H 15  5  0.0218  0.9668  0.0115 
  206 S 15  5  0.0060  0.9926  0.0014 
  207 V 15  5  0.0078  0.9909  0.0013 
  208 T 14  5  0.0055  0.9938  0.0006 
  209 P 14  4  0.0067  0.9909  0.0024 
  210 Y 13  5  0.0116  0.9868  0.0016 
  211 T  9  4  0.0000  1.0000  0.0000 
  212 R  4  0  0.0000  0.0000  0.0000 
  213 I  0  0  0.0000  0.0000  0.0000 
  214 G  0  0  0.0000  0.0000  0.0000 
  215 L  0  0  0.0000  0.0000  0.0000 
  216 D  0  0  0.0000  0.0000  0.0000 
  217 R  0  0  0.0000  0.0000  0.0000 
  218 W  0  0  0.0000  0.0000  0.0000 
  219 S  0  0  0.0000  0.0000  0.0000 
  220 N  0  0  0.0000  0.0000  0.0000 
  221 W  0  0  0.0000  0.0000  0.0000 
  222 D  0  0  0.0000  0.0000  0.0000 
  223 W  0  0  0.0000  0.0000  0.0000 
  224 Q  0  0  0.0000  0.0000  0.0000 
  225 D  0  0  0.0000  0.0000  0.0000 
  226 D  0  0  0.0000  0.0000  0.0000 
  227 I  0  0  0.0000  0.0000  0.0000 
  228 E  0  0  0.0000  0.0000  0.0000 
  229 R  0  0  0.0000  0.0000  0.0000 
  230 E  0  0  0.0000  0.0000  0.0000 
  231 G  0  0  0.0000  0.0000  0.0000 
  232 H  0  0  0.0000  0.0000  0.0000 
  233 D  0  0  0.0000  0.0000  0.0000 
  234 F  0  0  0.0000  0.0000  0.0000 
  235 N  0  0  0.0000  0.0000  0.0000 
  236 R  2  0  0.0000  0.0000  0.0000 
  237 V  6  2  0.0000  0.0000  0.0000 
  238 G 11  4  0.0000  1.0000  0.0000 
  239 L 14  5  0.0076  0.9916  0.0008 
  240 F 15  5  0.0078  0.9919  0.0004 
  241 Y 14  5  0.0111  0.9876  0.0013 
  242 G 14  4  0.0040  0.9935  0.0025 
  243 Y 13  5  0.0121  0.9867  0.0012 
  244 D 12  4  0.0083  0.9917  0.0000 
  245 F  7  3  0.8024  0.1743  0.0232 
  246 Q  3  0  0.0000  0.0000  0.0000 
  247 N  0  0  0.0000  0.0000  0.0000 
  248 G  0  0  0.0000  0.0000  0.0000 
  249 L  5  0  0.0000  0.0000  0.0000 
  250 S 10  5  0.0041  0.9940  0.0018 
  251 V 15  5  0.0032  0.9934  0.0034 
  252 S 15  5  0.0069  0.9925  0.0006 
  253 L 13  5  0.0097  0.9889  0.0014 
  254 E  8  3  0.0000  1.0000  0.0000 
  255 Y  3  0  0.0000  0.0000  0.0000 
  256 A  0  0  0.0000  0.0000  0.0000 
  257 F  0  0  0.0000  0.0000  0.0000 
  258 E  0  0  0.0000  0.0000  0.0000 
  259 W  0  0  0.0000  0.0000  0.0000 
  260 Q  0  0  0.0000  0.0000  0.0000 
  261 D  0  0  0.0000  0.0000  0.0000 
  262 H  0  0  0.0000  0.0000  0.0000 
  263 D  0  0  0.0000  0.0000  0.0000 
  264 E  0  0  0.0000  0.0000  0.0000 
  265 G  0  0  0.0000  0.0000  0.0000 
  266 D  0  0  0.0000  0.0000  0.0000 
  267 S  0  0  0.0000  0.0000  0.0000 
  268 D  0  0  0.0000  0.0000  0.0000 
  269 K  0  0  0.0000  0.0000  0.0000 
  270 F  0  0  0.0000  0.0000  0.0000 
  271 H  0  0  0.0000  0.0000  0.0000 
  272 Y  2  0  0.0000  0.0000  0.0000 
  273 A  6  2  0.0000  0.0000  0.0000 
  274 G 10  4  0.0000  0.1427  0.8573 
  275 V 12  4  0.0042  0.9958  0.0000 
  276 G 12  4  0.0000  0.9341  0.0659 
  277 V 13  4  0.0013  0.9987  0.0000 
  278 N 14  5  0.0083  0.9917  0.0000 
  279 Y 10  5  0.0027  0.9973  0.0000 
  280 S  5  0  0.0000  0.0000  0.0000 
