REMARK  Predicted order parameter (S2) from backbone chemical shifts for shifts06052015.str
REMARK    from David Wishart's RCI method, JACS, 127(43), 14970-14971

VARS RESID RESNAME CS_CNT CS_CNT_R2 S2 
FORMAT %4d %1s %2d %2d %8.3f 

   11 I  6  2    0.855
   12 G 11  4    0.866
   13 A 12  5    0.874
   14 M  8  3    0.868
   15 Y  3  0    0.849
   16 E  0  0 9999.000
   17 I  0  0 9999.000
   18 E  0  0 9999.000
   19 N  0  0 9999.000
   20 V  0  0 9999.000
   21 E  0  0 9999.000
   22 G  0  0 9999.000
   23 Y  0  0 9999.000
   24 G  0  0 9999.000
   25 E  0  0 9999.000
   26 D  0  0 9999.000
   27 M  0  0 9999.000
   28 D  0  0 9999.000
   29 G  3  0    0.754
   30 L  5  3    0.772
   31 A  8  2    0.782
   32 E  7  3    0.800
   33 P  9  2    0.836
   34 S 10  4    0.874
   35 V 10  4    0.918
   36 Y 11  2    0.917
   37 F 12  5    0.919
   38 N 15  5    0.911
   39 A 15  5    0.906
   40 A 14  5    0.883
   41 N 13  4    0.844
   42 G 11  4    0.809
   43 P 12  3    0.773
   44 W 13  5    0.794
   45 R 15  5    0.832
   46 I 15  5    0.891
   47 A 15  5    0.905
   48 L 15  5    0.911
   49 A 15  5    0.922
   50 Y 15  5    0.932
   51 Y 14  5    0.937
   52 Q 12  4    0.923
   53 E  7  3    0.915
   54 G  3  0    0.900
   55 P  4  0    0.673
   56 V  4  4    0.673
   57 D  4  0    0.673
   58 Y  0  0 9999.000
   59 S  0  0 9999.000
   60 A  0  0 9999.000
   61 G  0  0 9999.000
   62 K  0  0 9999.000
   63 R  0  0 9999.000
   64 G  0  0 9999.000
   65 T  0  0 9999.000
   66 W  0  0 9999.000
   67 F  0  0 9999.000
   68 D  0  0 9999.000
   69 R  1  0    0.743
   70 P  5  1    0.782
   71 E  9  4    0.814
   72 L 12  4    0.871
   73 E 13  4    0.895
   74 V 14  5    0.902
   75 H 15  5    0.903
   76 Y 15  5    0.910
   77 Q 13  5    0.895
   78 F  8  3    0.890
   79 L  3  0    0.866
   80 E  0  0 9999.000
   81 N  0  0 9999.000
   82 D  0  0 9999.000
   83 D  0  0 9999.000
   84 F  1  0    0.598
   85 S  4  1    0.678
   86 F  8  3    0.732
   87 G 12  4    0.841
   88 L 14  5    0.883
   89 T 14  5    0.886
   90 G 13  4    0.886
   91 G 13  4    0.883
   92 F 13  5    0.881
   93 R 12  4    0.873
   94 N 10  3    0.858
   95 Y 10  3    0.853
   96 G 11  4    0.831
   97 Y  8  4    0.826
   98 H  4  0    0.797
   99 Y  0  0 9999.000
  100 V  0  0 9999.000
  101 D  0  0 9999.000
  102 E  0  0 9999.000
  103 P  0  0 9999.000
  104 G  0  0 9999.000
  105 K  0  0 9999.000
  106 D  3  0    0.861
  107 T  7  3    0.881
  108 A 12  4    0.894
  109 N 14  5    0.911
  110 M 15  5    0.912
  111 Q 15  5    0.905
  112 R 15  5    0.906
  113 W 14  5    0.908
  114 K 14  4    0.908
  115 I 14  5    0.898
  116 A 13  5    0.880
  117 P 13  3    0.872
  118 D 13  5    0.873
  119 W 15  5    0.887
  120 D 14  5    0.887
  121 V 13  4    0.870
  122 K  8  4    0.856
  123 L  8  0    0.810
  124 T  4  4    0.783
  125 D  4  0    0.783
  126 D  5  0    0.874
  127 L 10  5    0.891
  128 R 15  5    0.900
  129 F 15  5    0.915
  130 N 14  5    0.921
  131 G 14  4    0.922
  132 W 14  5    0.927
  133 L 15  5    0.925
  134 S 13  5    0.923
  135 M 12  3    0.919
  136 Y 11  4    0.918
  137 K 12  4    0.916
  138 F 13  4    0.914
  139 A 14  5    0.917
  140 N 14  5    0.922
  141 D 14  4    0.925
  142 L 14  5    0.917
  143 N 15  5    0.899
  144 T 15  5    0.868
  145 T 14  5    0.785
  146 G 13  4    0.718
  147 Y 13  4    0.710
  148 A 14  5    0.760
  149 D 15  5    0.827
  150 T 14  5    0.859
  151 R 12  4    0.886
  152 V 12  3    0.918
  153 E 13  5    0.925
  154 T 15  5    0.915
  155 E 15  5    0.891
  156 T 14  5    0.893
  157 G 14  4    0.897
  158 L 14  5    0.912
  159 Q 15  5    0.907
  160 Y 15  5    0.902
  161 T 15  5    0.881
  162 F 15  5    0.867
  163 N 15  5    0.848
  164 E 15  5    0.846
  165 T 15  5    0.855
  166 V 15  5    0.881
  167 A 15  5    0.906
  168 L 15  5    0.915
  169 R 15  5    0.911
  170 V 15  5    0.906
  171 N 15  5    0.908
  172 Y 15  5    0.917
  173 Y 15  5    0.925
  174 L 14  5    0.905
  175 E  9  4    0.893
  176 R  4  0    0.863
  177 G  0  0 9999.000
  178 F  0  0 9999.000
  179 N  0  0 9999.000
  180 M  0  0 9999.000
  181 D  0  0 9999.000
  182 D  0  0 9999.000
  183 S  0  0 9999.000
  184 R  0  0 9999.000
  185 N  0  0 9999.000
  186 N  0  0 9999.000
  187 G  0  0 9999.000
  188 E  0  0 9999.000
  189 F  0  0 9999.000
  190 S  0  0 9999.000
  191 T  0  0 9999.000
  192 Q  0  0 9999.000
  193 E  5  0    0.847
  194 I 10  5    0.880
  195 R 15  5    0.892
  196 A 15  5    0.915
  197 Y 14  5    0.898
  198 L 12  4    0.865
  199 P 12  3    0.839
  200 L 13  5    0.835
  201 T 15  5    0.847
  202 L 14  5    0.855
  203 G 14  4    0.854
  204 N 14  5    0.848
  205 H 15  5    0.846
  206 S 15  5    0.849
  207 V 15  5    0.859
  208 T 14  5    0.872
  209 P 14  4    0.882
  210 Y 13  5    0.875
  211 T  9  4    0.868
  212 R  4  0    0.849
  213 I  0  0 9999.000
  214 G  0  0 9999.000
  215 L  0  0 9999.000
  216 D  0  0 9999.000
  217 R  0  0 9999.000
  218 W  0  0 9999.000
  219 S  0  0 9999.000
  220 N  0  0 9999.000
  221 W  0  0 9999.000
  222 D  0  0 9999.000
  223 W  0  0 9999.000
  224 Q  0  0 9999.000
  225 D  0  0 9999.000
  226 D  0  0 9999.000
  227 I  0  0 9999.000
  228 E  0  0 9999.000
  229 R  0  0 9999.000
  230 E  0  0 9999.000
  231 G  0  0 9999.000
  232 H  0  0 9999.000
  233 D  0  0 9999.000
  234 F  0  0 9999.000
  235 N  0  0 9999.000
  236 R  2  0    0.779
  237 V  6  2    0.826
  238 G 11  4    0.849
  239 L 14  5    0.900
  240 F 15  5    0.914
  241 Y 14  5    0.918
  242 G 14  4    0.902
  243 Y 13  5    0.863
  244 D 12  4    0.797
  245 F  7  3    0.764
  246 Q  3  0    0.724
  247 N  0  0 9999.000
  248 G  0  0 9999.000
  249 L  5  0    0.902
  250 S 10  5    0.916
  251 V 15  5    0.920
  252 S 15  5    0.919
  253 L 13  5    0.887
  254 E  8  3    0.869
  255 Y  3  0    0.840
  256 A  0  0 9999.000
  257 F  0  0 9999.000
  258 E  0  0 9999.000
  259 W  0  0 9999.000
  260 Q  0  0 9999.000
  261 D  0  0 9999.000
  262 H  0  0 9999.000
  263 D  0  0 9999.000
  264 E  0  0 9999.000
  265 G  0  0 9999.000
  266 D  0  0 9999.000
  267 S  0  0 9999.000
  268 D  0  0 9999.000
  269 K  0  0 9999.000
  270 F  0  0 9999.000
  271 H  0  0 9999.000
  272 Y  2  0    0.733
  273 A  6  2    0.799
  274 G 10  4    0.823
  275 V 12  4    0.886
  276 G 12  4    0.890
  277 V 13  4    0.902
  278 N 14  5    0.884
  279 Y 10  5    0.883
  280 S  5  0    0.856
