10	28	7
5	5	4
9	31	2
16	21	11
22	7	4
7	2	20
1	28	16
0	10	26
17	20	11
11	11	0
8	9	19
7	21	2
16	12	3
2	23	4
11	8	31
20	19	2
4	7	18
21	23	20
8	31	14
7	23	1
14	9	8
22	29	2
13	5	0
1	4	16
1	19	0
20	20	0
23	5	25
3	0	11
16	2	12
2	9	1
5	2	25
21	2	7
28	4	31
9	13	0
18	26	0
10	11	3
7	20	0
8	9	27
18	0	1
5	16	11
2	8	11
10	21	4
23	28	18
5	7	5
0	17	10
13	4	10
12	4	25
18	22	5
4	11	1
25	7	22
17	29	17
20	21	23
6	13	4
12	18	19
2	4	13
31	13	25
6	4	16
25	12	10
7	15	13
22	12	6
14	2	1
2	2	15
28	16	17
17	24	19
15	19	4
0	6	8
2	25	15
2	2	13
20	5	6
20	23	0
0	12	15
12	11	11
8	22	9
15	4	2
24	6	4
5	26	13
4	0	0
1	12	9
5	7	1
9	2	14
23	15	19
27	2	11
13	2	11
10	21	8
4	20	7
14	22	20
5	3	1
5	24	10
20	7	29
17	7	8
21	31	8
20	29	10
10	15	12
15	22	12
22	24	2
13	22	13
11	18	6
4	13	11
0	23	19
10	10	0
12	18	0
13	0	0
26	8	11
17	2	16
4	28	21
20	4	19
24	13	1
9	4	0
19	11	17
12	15	12
22	4	22
7	20	17
0	22	1
4	4	15
21	2	18
30	4	23
14	18	3
0	3	6
11	23	10
23	1	13
5	4	21
17	1	6
6	28	8
10	14	16
3	0	3
21	14	4
31	18	29
0	10	17
13	5	10
17	0	11
19	8	10
1	4	15
21	6	3
4	23	5
6	18	31
2	6	6
1	0	2
19	23	29
7	14	19
14	28	1
1	20	29
24	24	18
0	1	6
6	21	24
15	13	12
23	9	10
5	5	13
8	9	6
23	6	9
1	16	14
2	4	6
15	6	4
10	6	24
1	12	11
22	16	12
2	19	31
1	24	9
8	15	4
17	0	21
0	7	17
2	10	24
12	31	2
9	0	6
10	14	1
11	0	26
6	0	11
0	6	0
8	30	0
1	2	3
1	4	3
14	13	24
15	9	10
9	23	11
1	5	8
8	5	6
3	14	10
30	9	6
1	13	29
11	5	16
21	12	15
17	31	20
2	18	18
0	5	17
0	16	18
16	7	10
6	10	12
9	5	9
10	18	5
27	13	2
25	15	9
3	16	8
4	3	0
22	14	6
15	26	0
12	4	24
10	0	5
11	13	2
29	15	6
19	16	10
22	6	2
1	0	3
10	2	28
18	23	7
26	22	6
1	21	6
2	5	6
16	24	3
5	16	10
8	22	3
2	6	15
19	20	20
14	28	0
16	15	4
11	26	16
8	1	7
12	8	4
1	15	6
29	31	28
9	0	26
14	16	17
15	13	0
13	7	0
4	8	6
20	14	0
24	28	4
1	12	4
21	7	19
13	11	0
3	22	2
4	18	11
12	19	25
8	0	9
5	27	1
4	2	18
17	2	31
15	15	16
30	7	21
24	5	25
8	22	4
0	1	8
10	6	7
7	4	27
21	5	25
2	13	4
13	0	8
1	14	8
6	23	28
26	1	2
2	7	22
8	5	20
2	4	19
13	28	3
24	10	3
21	10	2
11	0	30
21	7	2
20	5	12
9	14	10
15	0	3
12	11	18
3	1	10
22	23	25
4	2	2
4	1	26
17	4	5
3	6	13
25	10	31
25	3	2
11	2	3
14	21	0
1	9	10
16	13	14
2	7	23
14	2	3
7	10	7
21	16	7
18	31	17
25	7	16
29	26	3
4	6	29
4	26	4
1	5	30
19	16	23
23	17	0
9	14	4
8	2	20
1	6	4
24	11	9
14	20	9
9	9	14
15	2	6
28	7	26
7	8	30
30	15	13
21	10	11
8	20	1
0	11	10
8	2	2
8	16	27
7	8	12
25	18	7
9	1	23
7	25	5
7	8	8
5	6	22
30	8	4
27	27	2
16	22	7
9	31	14
3	6	23
19	4	2
0	0	8
11	15	17
0	11	8
8	2	18
25	3	0
9	14	22
19	19	8
11	2	10
2	23	3
23	12	14
16	0	2
29	15	3
3	12	30
18	22	26
12	1	5
26	6	21
2	5	20
9	7	2
1	1	13
11	8	2
3	23	8
31	10	11
7	2	9
24	25	15
6	9	0
10	5	31
9	6	6
6	26	30
2	10	4
27	2	18
16	5	31
3	30	20
11	3	1
3	15	30
22	3	3
1	10	3
14	5	3
28	6	9
16	11	30
12	10	2
0	16	25
13	3	28
2	2	18
8	1	13
1	18	4
17	1	5
8	10	29
2	25	0
4	18	13
9	1	3
9	0	29
12	7	6
5	7	6
8	19	6
2	9	11
31	4	24
2	5	9
11	31	24
11	14	8
14	6	1
3	8	8
10	22	25
1	3	7
18	1	18
6	13	0
9	5	3
5	9	7
9	18	1
6	27	6
14	16	7
16	6	27
24	7	30
24	10	7
15	10	9
26	12	23
9	25	24
4	17	3
3	15	4
8	17	15
24	11	2
18	10	7
1	10	10
21	4	26
1	17	3
4	19	0
25	20	8
0	11	14
0	23	15
4	1	21
10	8	12
6	22	14
11	17	0
22	3	4
27	6	10
6	9	27
0	26	5
7	9	8
27	10	22
5	2	14
1	8	9
5	9	3
3	29	4
24	12	6
7	20	1
5	20	22
6	4	6
15	4	7
3	7	17
0	6	22
30	11	1
15	12	13
15	26	2
3	2	24
3	5	25
4	26	20
3	13	0
1	25	7
16	8	16
19	11	9
15	4	3
6	19	12
15	7	22
5	4	0
9	7	7
23	0	12
7	31	8
10	6	25
1	6	3
13	11	4
15	10	6
19	23	10
2	28	8
24	3	23
29	29	2
19	6	7
19	13	1
4	1	15
10	4	26
23	0	3
8	1	0
2	18	13
8	22	23
5	8	2
3	12	10
0	13	10
21	2	30
8	8	27
2	18	19
15	3	2
7	13	3
1	3	17
21	1	19
3	9	17
7	2	12
14	9	9
12	10	1
19	2	9
2	5	4
20	15	11
14	4	1
9	31	27
23	13	8
7	9	15
2	17	1
5	12	22
7	31	4
1	6	11
3	2	14
8	3	2
16	12	4
26	4	12
10	20	25
2	4	5
25	15	18
5	7	8
10	9	11
4	16	15
13	31	0
6	10	4
1	12	19
4	6	16
11	15	4
0	7	7
2	28	2
20	20	17
5	6	4
11	31	9
0	1	21
18	4	26
1	18	2
3	6	24
1	10	18
6	15	26
12	16	4
7	3	24
15	26	10
13	13	13
11	1	1
12	24	30
8	21	31
11	13	19
6	27	1
22	1	12
26	10	29
8	18	11
19	17	6
12	5	16
7	4	22
13	0	10
28	5	10
13	10	19
20	8	14
21	31	25
5	1	27
24	9	21
21	2	20
19	25	18
20	24	11
25	17	25
15	14	0
18	15	9
5	2	5
3	16	9
6	6	1
12	1	7
6	5	22
14	2	6
0	5	6
2	6	20
10	17	9
3	5	30
7	1	0
15	9	12
15	1	20
12	6	19
3	13	21
20	16	4
11	6	1
7	4	20
6	29	7
24	3	8
8	6	0
18	2	8
15	3	6
14	6	17
18	2	2
17	25	5
13	15	0
9	1	12
8	1	3
1	1	0
19	14	0
6	17	11
22	4	27
6	7	0
19	2	2
18	2	24
3	18	16
2	29	24
1	2	7
9	2	1
1	11	2
7	5	7
3	20	22
15	21	12
6	16	25
2	31	1
0	31	1
12	23	6
6	27	10
15	31	27
1	20	23
7	12	11
16	22	8
15	20	29
0	1	3
4	10	27
0	8	1
15	6	2
3	21	21
21	18	2
24	15	1
26	0	13
0	17	15
18	18	1
9	5	20
23	17	19
5	3	14
1	13	25
3	1	23
4	12	3
13	4	8
3	23	16
15	5	5
1	13	24
5	2	20
15	2	13
9	28	5
2	29	11
28	0	24
2	10	0
25	4	13
2	6	0
2	1	10
19	0	3
23	11	3
4	12	14
29	0	9
9	9	5
3	13	16
1	31	26
23	19	16
19	12	25
5	5	11
4	30	24
17	2	5
3	5	1
0	9	31
16	29	24
1	7	7
16	7	0
28	10	11
17	31	0
22	26	21
3	26	24
17	17	19
0	2	9
15	22	17
12	6	8
12	18	22
7	12	26
22	8	13
1	9	23
21	23	3
28	20	12
9	23	3
10	7	3
22	10	6
0	9	12
1	31	2
12	22	6
6	4	28
17	6	1
3	2	25
1	13	7
12	2	0
21	13	25
5	31	15
8	13	18
26	22	3
5	8	3
23	10	17
18	12	10
19	7	0
5	10	6
26	4	2
10	4	10
6	0	0
9	14	17
26	1	9
15	27	7
0	13	14
25	1	6
7	14	1
10	24	12
23	23	24
4	8	7
5	1	10
4	5	30
29	1	24
0	21	2
20	5	3
3	27	9
29	31	3
26	4	14
4	1	7
19	13	5
17	27	1
14	7	3
24	12	15
0	4	19
9	16	11
15	0	19
20	13	16
7	4	6
2	29	0
4	4	12
1	6	25
15	3	17
1	22	14
21	10	8
0	12	19
4	19	5
24	31	0
21	21	26
15	1	13
10	6	2
12	10	17
6	0	5
26	14	19
15	19	1
5	2	1
23	3	21
6	31	21
0	30	1
12	0	14
4	27	10
18	11	21
0	12	7
27	7	0
2	14	6
10	12	15
0	26	1
6	12	22
9	21	24
3	0	15
28	8	4
2	10	13
26	13	25
1	0	23
11	17	12
1	5	5
25	3	5
9	1	13
22	22	1
16	8	8
4	23	0
9	9	2
28	8	11
23	4	19
21	9	4
7	1	7
25	10	22
3	8	6
18	6	10
8	5	31
6	15	7
7	6	31
13	17	0
6	2	3
11	25	14
27	13	10
14	4	13
12	12	10
4	0	6
7	14	5
5	0	23
10	3	1
2	8	6
21	12	4
3	26	5
2	3	14
8	25	10
1	6	9
6	27	20
1	27	11
15	26	18
21	14	2
1	18	30
7	17	4
5	31	23
1	25	11
1	0	28
23	4	0
11	1	25
16	10	26
4	2	19
4	10	24
26	17	12
13	0	9
8	4	10
9	15	1
2	6	9
12	26	14
15	5	10
5	15	20
22	23	7
0	3	3
0	21	26
11	23	3
0	7	22
14	0	3
31	21	6
9	4	1
10	0	10
9	10	16
1	26	17
20	5	15
13	2	12
8	6	4
3	10	4
11	20	18
22	14	9
16	9	0
19	0	13
0	6	3
4	9	19
3	13	8
7	27	6
4	21	23
12	7	10
27	23	0
4	1	11
3	3	9
3	1	5
4	24	7
14	5	9
9	1	8
11	7	16
0	29	3
24	16	4
9	8	11
12	25	12
25	11	3
26	8	1
16	9	9
15	31	29
9	4	4
3	4	8
0	23	0
29	8	14
0	30	9
10	23	16
3	5	12
17	18	24
2	22	5
5	21	19
0	7	2
28	12	10
2	13	31
18	7	23
0	4	3
5	10	9
17	11	11
12	6	2
14	3	1
28	15	17
15	2	21
5	7	13
0	20	7
8	23	0
22	19	7
9	8	21
6	6	30
23	12	23
23	8	15
1	17	15
19	4	8
10	18	10
9	12	30
4	13	22
20	22	2
19	19	17
19	0	25
20	11	9
12	11	12
29	6	31
8	4	2
25	1	14
30	8	15
3	0	4
4	14	9
11	0	13
0	20	28
8	17	12
28	0	2
0	6	24
3	15	20
16	17	15
13	0	2
0	8	4
6	2	0
0	19	0
27	24	6
2	4	7
7	22	18
0	16	2
8	7	3
24	14	11
30	6	18
5	7	17
29	13	5
6	15	5
29	9	9
13	21	9
3	0	23
8	14	16
7	3	8
20	10	15
12	15	1
18	23	0
1	14	31
10	27	27
6	0	12
8	14	3
11	11	8
1	12	17
25	4	23
2	1	19
7	14	11
9	28	0
22	11	2
29	11	14
15	5	0
14	11	7
10	9	3
7	2	1
17	2	7
16	3	3
0	21	27
14	9	15
17	1	24
3	25	0
12	22	30
10	29	7
28	1	27
10	26	1
20	10	10
22	12	1
5	25	4
18	11	0
10	21	26
2	11	1
9	10	22
16	3	13
0	21	5
22	19	19
4	9	2
16	13	6
6	11	1
22	26	27
13	7	8
23	0	0
12	2	17
22	1	5
25	10	30
27	20	14
19	22	16
16	1	24
30	29	7
13	10	11
5	5	23
13	10	3
24	20	4
8	30	8
6	9	22
9	11	18
17	27	2
20	14	20
21	30	1
1	12	2
4	13	3
3	6	17
14	12	0
0	15	0
21	13	4
9	7	26
8	2	17
10	6	20
8	7	17
11	7	27
10	18	1
20	6	0
24	13	17
7	19	10
0	1	5
4	10	0
9	31	7
16	1	13
2	13	9
31	1	13
17	2	3
1	12	15
7	24	12
2	10	18
10	0	6
27	2	3
18	9	6
0	7	6
9	4	10
21	11	21
11	3	25
4	5	8
1	7	12
7	11	22
17	13	16
7	5	25
7	28	13
3	9	2
7	15	1
26	30	6
8	15	2
5	2	0
3	1	0
9	2	6
5	14	3
13	30	5
26	1	4
8	6	25
30	3	4
28	7	19
14	8	1
10	12	0
26	8	17
23	1	3
8	15	0
13	9	10
3	25	14
20	7	13
0	10	5
7	6	4
21	4	0
18	3	14
6	4	2
10	21	7
10	13	7
21	13	12
0	26	18
21	22	26
12	5	6
1	4	7
17	10	22
29	12	0
1	9	11
24	22	28
13	4	4
7	10	2
27	16	29
30	14	16
20	2	7
9	7	24
5	19	20
13	10	17
23	12	13
13	27	12
16	10	12
28	31	8
17	19	3
14	14	17
7	20	20
9	26	11
0	20	26
5	10	23
11	11	28
2	19	1
1	12	25
26	13	5
17	5	0
19	10	26
15	2	15
4	0	18
2	14	28
18	25	20
1	17	25
19	2	7
22	17	14
1	12	16
0	16	0
4	25	11
18	10	4
16	5	4
1	9	2
26	12	3
10	10	9
1	15	27
7	7	13
28	1	11
23	18	12
11	5	26
13	2	24
5	14	18
6	2	12
15	10	12
12	3	5
5	1	22
8	3	26
0	0	0
23	4	22
22	12	8
15	17	3
6	12	0
20	4	12
2	13	7
28	23	7
18	3	3
0	14	9
22	7	8
3	6	3
25	19	25
20	19	5
18	20	13
17	10	15
14	13	4
21	30	9
20	4	10
11	5	11
9	8	2
20	5	9
1	7	6
20	21	6
0	11	24
0	5	16
29	22	1
30	0	13
7	9	2
1	28	8
20	16	16
0	14	11
3	1	29
7	14	6
5	2	18
7	2	0
28	21	0
6	24	12
4	4	2
6	2	9
8	19	25
16	11	16
18	8	6
4	14	7
7	16	17
22	5	0
14	16	20
4	9	8
24	9	15
1	7	16
9	2	9
9	2	5
8	3	8
25	19	2
4	0	13
14	2	7
15	6	16
12	23	0
11	16	13
21	0	31
20	17	17
2	1	8
24	18	26
20	13	3
19	1	11
3	15	29
23	4	20
21	9	20
6	7	15
30	5	10
7	25	0
8	12	1
18	9	21
3	8	22
11	28	5
3	8	4
7	21	6
16	4	11
6	19	1
2	13	17
7	0	3
12	18	5
17	14	27
22	8	19
8	1	26
0	6	29
26	25	2
18	30	9
3	14	9
12	17	2
29	3	23
3	14	19
13	7	13
15	2	12
10	28	9
8	2	11
23	12	10
9	12	3
10	20	31
4	27	11
21	0	11
8	11	3
14	5	1
26	16	20
20	16	5
6	5	2
22	1	25
28	21	21
2	15	0
5	2	30
9	0	11
0	8	5
10	21	15
3	21	6
25	18	10
10	10	28
4	4	3
1	2	16
1	3	9
7	15	18
10	3	8
20	17	4
6	6	9
13	4	18
11	16	10
4	29	14
5	3	6
7	8	4
22	26	3
8	10	23
2	18	16
7	6	20
2	10	21
1	0	7
7	29	3
4	3	5
1	7	1
2	15	4
5	11	17
10	28	3
15	7	12
30	3	8
22	22	25
19	7	8
10	12	25
30	26	3
21	7	4
10	11	12
0	29	6
22	18	16
1	14	7
5	17	4
1	12	29
12	5	25
25	3	29
3	14	15
17	2	0
6	26	11
24	15	26
7	15	2
24	18	8
0	20	23
4	27	21
11	0	17
18	16	24
12	15	18
15	3	14
1	18	19
2	0	12
0	8	27
16	4	13
17	8	5
2	5	3
15	18	3
1	29	22
24	0	2
4	25	25
19	30	6
8	18	24
13	0	4
10	14	2
15	9	0
22	26	2
10	5	4
0	10	3
5	5	28
3	10	15
7	10	11
1	11	21
26	6	14
4	0	10
1	12	30
17	1	7
25	21	30
4	17	6
1	5	2
4	28	17
31	4	26
29	27	10
5	11	9
6	13	17
12	24	22
20	10	5
0	0	21
17	8	1
20	10	29
18	3	1
21	1	20
0	11	23
7	12	6
15	9	20
15	30	15
16	25	13
21	24	0
0	4	22
22	17	9
21	8	19
11	0	20
17	26	25
8	30	6
9	3	13
27	1	4
14	18	24
24	0	9
1	5	0
18	9	22
19	17	17
0	14	10
0	0	27
18	18	12
12	7	22
11	1	5
10	18	20
27	22	15
25	1	3
13	13	19
0	4	14
5	24	9
3	19	13
8	2	8
30	3	2
19	22	0
14	1	22
1	15	13
0	15	6
3	12	4
18	13	9
26	22	0
19	13	13
11	24	20
10	4	7
30	10	27
19	6	17
20	5	24
8	4	21
0	19	18
15	6	9
8	18	15
13	14	18
26	15	23
0	5	19
26	15	30
22	9	18
26	29	17
10	12	28
12	9	24
14	4	2
13	2	7
22	5	26
1	12	21
6	5	9
29	14	7
6	12	7
10	0	4
2	20	8
9	9	0
5	25	12
5	22	20
6	12	5
11	17	20
11	31	11
6	30	22
4	23	28
25	4	18
23	21	3
23	3	14
15	11	29
11	11	3
31	0	28
7	14	23
6	12	3
2	22	3
0	26	17
25	5	8
16	24	5
15	24	27
14	7	5
1	24	7
15	10	10
25	20	6
8	13	6
10	10	20
25	8	0
6	17	8
2	12	4
9	17	18
5	6	13
3	22	17
13	3	19
18	31	5
0	29	8
28	7	15
12	30	6
12	23	23
13	3	20
1	8	25
10	10	26
20	23	11
9	10	9
31	10	15
6	8	30
31	21	18
17	6	4
0	6	4
4	12	16
11	16	0
21	5	21
4	5	6
24	17	7
0	21	18
4	4	0
13	3	13
17	20	23
16	13	23
2	28	0
25	6	1
2	21	10
5	8	5
14	7	17
12	15	29
24	18	2
0	10	9
17	4	2
2	3	26
5	20	8
11	19	8
21	21	0
14	0	10
4	12	23
8	7	6
0	2	13
14	0	29
19	29	7
23	18	13
14	3	9
23	5	7
11	8	26
3	3	0
19	7	18
1	12	0
20	8	4
8	12	30
7	5	2
4	29	15
12	5	12
4	29	0
1	16	1
2	24	10
8	1	19
11	14	29
8	6	24
7	27	11
11	13	15
27	18	15
11	12	8
31	8	9
26	6	0
7	21	14
17	0	6
1	9	9
10	19	13
26	1	5
16	21	15
3	6	10
25	17	1
22	2	12
0	5	21
5	8	15
1	6	22
25	6	5
8	23	12
2	9	17
24	10	19
9	20	3
14	24	11
27	10	3
8	2	23
1	14	0
26	14	4
11	8	0
25	29	7
9	27	28
4	24	26
27	13	16
15	2	5
18	5	1
20	16	12
5	5	24
7	7	7
3	24	7
8	8	1
21	21	10
4	30	0
30	18	6
2	9	0
24	4	6
4	8	1
4	5	7
0	18	19
13	16	22
21	20	29
18	12	1
0	18	3
13	11	13
22	18	4
28	19	7
3	21	19
7	0	4
12	1	12
15	4	8
13	10	31
13	9	2
27	12	4
21	4	2
26	4	5
11	16	2
8	11	21
2	19	3
8	8	5
25	8	1
14	8	4
3	7	19
25	11	9
7	11	8
11	5	21
7	20	22
20	10	20
17	4	7
5	9	9
14	1	23
9	12	27
5	27	12
22	0	3
20	15	2
8	9	9
19	24	8
10	9	23
14	1	15
20	13	19
3	30	26
16	3	21
8	5	5
16	0	17
4	12	1
6	25	16
2	6	30
28	15	22
29	27	26
18	11	10
1	3	2
13	2	14
20	22	0
5	2	21
25	6	17
1	21	12
2	29	18
16	6	8
10	5	24
3	11	11
18	1	1
12	1	27
10	15	8
8	4	22
4	10	23
10	21	19
4	6	10
24	9	25
25	19	23
9	1	1
29	9	0
23	14	20
9	14	11
2	16	14
1	7	17
26	11	17
5	8	11
6	9	4
9	12	5
9	26	0
0	5	23
16	15	1
27	3	5
5	8	4
16	9	26
13	3	22
10	2	6
7	3	31
15	5	6
20	5	31
20	29	30
0	4	12
18	7	31
16	19	10
21	3	3
2	3	13
21	15	0
0	20	19
7	14	24
7	13	0
13	21	24
17	28	24
17	0	9
12	0	18
17	15	7
31	12	2
20	20	1
30	16	24
5	30	17
12	17	7
8	25	22
0	9	20
13	9	11
12	28	22
8	1	10
13	9	26
6	25	8
13	2	1
18	16	13
24	8	29
4	12	26
15	12	4
21	4	6
2	12	0
20	2	17
9	12	10
20	2	5
29	11	5
17	18	11
28	20	2
7	7	3
13	13	14
1	1	1
18	12	9
11	8	16
8	11	17
19	7	15
26	6	26
22	7	2
9	16	9
3	9	10
5	2	15
31	4	9
15	12	5
11	21	6
10	2	5
12	6	7
26	8	6
3	7	1
14	20	5
22	21	27
9	30	18
22	4	18
14	3	24
11	5	6
22	24	20
5	14	28
7	19	2
2	19	8
8	28	24
13	29	22
5	28	23
2	9	16
9	31	23
6	5	0
9	14	9
13	15	25
3	3	19
11	24	12
10	20	4
1	9	6
16	3	19
27	30	1
30	7	3
6	0	13
5	21	6
2	5	29
11	3	14
2	7	21
17	28	0
0	26	7
19	18	5
14	9	7
8	10	31
3	11	13
15	0	2
28	3	3
11	2	26
6	13	9
8	7	7
2	22	23
7	7	4
2	18	17
3	5	14
27	13	26
6	8	0
7	7	1
24	2	16
7	6	0
14	0	8
18	27	20
1	16	8
8	22	13
0	20	17
6	21	12
17	4	4
3	6	2
3	8	25
8	10	30
3	5	17
7	22	5
6	17	16
7	8	7
21	15	13
26	26	12
18	18	8
30	19	24
11	10	9
28	16	4
17	21	0
4	9	17
15	10	19
17	14	12
12	11	2
24	15	21
29	1	15
2	3	0
2	24	23
0	9	7
23	12	27
11	23	18
27	14	19
11	4	2
1	20	9
29	6	6
2	6	23
2	4	10
29	9	8
13	19	16
3	4	5
16	0	1
28	13	12
1	19	28
4	22	4
3	17	0
9	10	27
6	18	25
0	12	9
6	18	9
4	12	2
10	18	17
8	23	3
5	26	1
4	3	4
16	17	19
16	1	30
24	10	29
3	18	10
23	4	3
0	8	6
7	10	3
9	20	1
8	19	2
3	2	23
10	2	3
5	5	5
11	7	15
21	9	25
16	22	25
12	28	12
2	7	4
24	5	5
0	16	7
31	27	9
0	8	31
22	5	17
31	15	3
19	15	1
8	0	15
0	12	20
0	30	27
14	4	27
18	2	7
23	2	10
16	0	7
3	2	13
24	0	5
0	5	12
10	4	16
16	20	4
8	29	27
28	11	1
24	31	5
6	14	1
23	25	13
18	0	19
0	4	7
28	1	23
18	3	5
7	18	7
10	15	13
4	26	1
27	4	16
23	28	8
1	15	29
2	4	20
16	13	7
0	13	8
24	4	25
8	20	10
14	6	23
10	11	26
18	1	7
7	18	8
7	0	24
10	8	0
2	0	3
2	0	1
8	23	16
13	14	20
1	3	16
9	9	12
25	1	27
16	0	26
5	6	15
2	4	17
19	1	25
10	24	2
3	8	12
4	28	12
29	11	6
1	23	5
0	17	3
10	1	7
1	20	20
11	3	9
23	1	5
10	12	4
0	11	15
0	16	1
4	6	20
4	2	3
5	13	6
2	21	23
30	14	8
22	15	19
16	4	8
25	21	4
5	18	31
11	0	12
3	7	4
16	8	20
9	18	4
2	13	18
21	8	5
23	12	29
5	8	13
19	0	29
10	29	6
6	2	14
4	6	9
21	20	10
2	29	6
22	29	15
3	12	16
0	5	9
5	4	7
20	20	12
5	16	12
3	3	3
18	23	14
11	10	3
28	3	22
0	15	13
16	27	5
17	19	6
25	0	7
0	9	14
18	15	19
19	0	10
4	4	10
2	1	15
10	14	9
14	21	16
16	12	11
1	13	0
9	6	24
23	20	9
1	9	20
8	2	9
31	4	0
22	17	8
10	14	21
4	20	27
8	16	30
1	8	29
12	9	17
2	14	1
13	5	3
15	9	26
15	28	14
2	5	10
17	0	16
14	15	20
1	29	15
16	16	21
0	25	27
12	10	20
3	0	20
30	28	2
2	28	4
26	24	18
9	3	14
21	13	0
4	9	1
5	3	18
8	2	19
31	4	1
15	2	4
13	8	26
31	23	1
6	1	28
8	0	4
10	11	21
2	9	4
14	1	2
16	2	16
4	5	10
17	19	2
22	19	10
9	1	11
2	21	25
10	27	18
9	3	19
3	5	2
13	30	22
2	1	13
17	25	18
24	25	2
6	15	12
17	21	22
0	0	26
3	21	3
5	11	16
26	0	20
18	9	0
10	9	4
15	8	5
7	10	23
30	1	1
5	28	18
22	4	20
3	4	4
8	20	7
14	9	31
24	3	22
18	13	17
13	2	20
10	0	26
6	6	5
2	10	14
14	9	14
2	8	2
17	22	21
26	30	28
16	23	28
5	4	23
23	1	0
1	8	3
6	4	11
6	6	14
25	17	19
6	0	3
1	30	6
4	18	14
15	16	4
26	5	22
4	21	19
12	13	16
17	14	11
4	3	8
16	25	12
15	0	27
6	29	20
19	0	21
4	11	17
19	2	3
6	9	16
19	0	4
1	3	15
8	12	12
0	5	13
19	8	30
2	25	7
1	20	7
25	0	20
1	30	4
25	23	10
8	1	12
23	22	14
5	20	7
0	30	23
13	6	14
22	3	8
16	24	1
13	8	5
3	10	10
4	3	2
1	9	3
2	10	2
0	24	17
15	29	29
5	4	13
8	6	8
12	20	21
23	22	1
9	5	22
31	16	13
9	5	27
23	13	12
26	23	2
3	11	2
11	4	4
19	3	27
4	31	3
9	4	31
10	3	24
1	0	10
7	7	19
22	8	29
30	11	6
31	18	5
6	6	29
1	4	4
31	6	16
25	18	12
12	5	9
2	0	11
12	15	8
5	1	15
29	3	13
27	16	23
29	8	13
23	31	4
9	16	27
0	2	12
0	31	27
15	13	21
3	27	28
23	11	5
11	19	1
4	0	30
5	14	6
2	16	6
11	7	6
21	5	30
1	6	2
18	0	27
18	19	7
11	12	16
16	7	3
16	16	3
11	6	15
2	11	18
9	3	8
2	10	3
10	11	18
7	8	20
11	2	20
21	10	18
26	28	4
15	13	16
3	28	9
21	6	28
9	5	6
5	0	19
2	27	8
21	10	22
24	29	29
9	0	2
28	0	0
22	3	9
0	21	11
6	24	22
7	13	4
7	1	21
0	4	1
24	5	10
4	11	21
15	8	0
20	28	16
9	13	26
0	21	24
16	2	1
13	10	23
4	8	11
2	3	1
3	5	28
14	19	28
20	10	4
6	27	31
16	4	20
10	20	13
19	4	6
1	26	24
4	0	3
18	3	4
2	23	14
12	21	18
4	3	13
24	12	17
20	13	1
17	24	27
11	23	0
12	22	1
15	24	3
26	10	9
0	16	5
0	24	16
15	28	1
18	20	7
7	4	16
8	31	23
2	17	9
1	2	28
13	17	27
9	3	4
13	2	15
23	10	26
6	24	24
25	23	22
16	2	18
0	27	3
24	0	31
18	12	25
0	22	10
25	20	25
9	17	31
0	2	24
9	31	6
14	14	7
19	21	19
5	1	28
13	4	24
4	11	6
16	1	5
4	11	23
18	0	29
13	6	20
12	19	19
12	11	30
4	11	13
23	26	25
12	8	3
24	0	7
0	0	2
5	14	0
4	18	21
7	2	30
14	29	18
17	31	7
22	3	22
4	24	6
12	10	25
6	2	15
4	20	16
28	8	9
30	20	11
30	13	5
21	29	6
29	6	1
19	29	6
2	5	5
6	27	30
16	0	16
7	5	29
4	2	0
16	12	16
10	4	2
7	22	4
21	4	1
31	3	14
11	7	5
4	5	13
7	7	30
10	6	10
8	6	12
5	26	5
0	12	11
2	5	2
18	3	27
8	8	3
4	31	9
11	26	0
27	22	21
4	1	30
16	7	13
7	1	1
8	15	23
16	22	27
2	24	15
4	1	20
30	7	22
13	15	4
1	22	9
0	14	15
16	17	30
2	12	5
24	6	5
21	14	28
1	14	3
13	12	26
19	8	2
28	29	11
17	7	5
4	19	24
0	3	17
15	12	12
26	23	21
4	29	19
5	11	29
0	0	14
18	12	11
15	14	8
4	19	3
26	11	3
8	7	10
0	11	16
19	11	20
12	0	6
23	21	15
25	22	1
6	24	20
27	5	17
29	24	7
2	12	18
13	1	7
18	3	15
7	16	12
13	27	0
4	5	19
7	7	23
10	13	4
2	21	8
19	12	9
2	20	2
15	14	24
4	7	31
15	6	23
9	9	1
24	14	9
1	13	15
19	2	1
2	21	22
3	5	5
16	1	27
17	15	13
2	4	0
9	2	2
23	4	29
2	14	2
11	2	19
0	2	29
5	12	16
23	11	25
1	7	15
12	9	5
8	2	25
5	2	3
21	5	5
4	24	18
22	13	2
24	27	10
8	11	12
25	24	22
28	0	5
12	21	29
13	1	18
10	1	20
31	16	7
12	0	26
9	8	4
2	1	31
11	10	12
14	8	9
19	5	24
31	5	2
4	2	25
7	13	22
2	30	18
1	15	11
7	23	12
2	16	11
9	22	13
10	17	1
27	0	4
0	5	15
8	12	2
1	0	13
4	0	20
11	18	14
12	1	15
24	22	14
8	6	27
10	18	19
7	21	15
5	24	3
6	11	10
9	5	1
11	20	15
4	3	6
17	4	19
12	22	22
2	1	23
12	3	7
26	15	22
5	27	18
29	29	14
3	5	18
15	26	15
8	3	6
2	13	2
2	21	11
12	22	11
5	29	4
14	8	8
16	8	19
10	16	31
13	5	30
10	8	2
5	18	15
8	12	8
19	13	16
22	21	24
12	5	23
6	4	8
15	3	10
5	25	3
6	6	11
18	5	9
2	9	5
8	10	26
15	8	7
29	16	2
24	15	15
6	17	9
31	14	5
0	10	7
24	27	31
26	19	2
4	18	1
26	22	17
6	28	1
4	15	6
6	0	2
18	14	16
12	14	2
9	3	22
1	6	17
10	12	1
24	21	29
19	10	8
9	3	11
8	12	5
13	7	10
19	14	28
20	4	13
2	0	9
0	4	2
6	11	24
7	0	23
1	20	0
11	19	10
16	11	0
0	21	23
17	15	20
27	11	1
9	12	1
7	4	3
18	2	27
2	17	0
4	6	17
4	26	13
31	15	0
9	6	4
25	2	13
3	4	1
0	1	4
22	14	11
5	30	10
10	31	14
16	6	22
27	23	13
8	31	26
23	4	8
8	10	27
3	27	3
6	19	24
4	8	8
24	27	7
11	2	5
19	12	18
22	1	4
15	4	0
7	28	7
19	20	9
27	29	22
17	19	1
2	22	19
13	3	14
2	4	4
16	26	4
0	22	6
13	7	1
12	18	6
26	20	0
3	2	8
23	11	9
2	10	7
0	2	3
9	17	10
7	14	0
7	2	2
3	15	25
4	17	5
28	2	3
7	21	8
24	9	8
7	6	3
15	15	3
14	19	11
12	6	3
14	28	21
20	18	5
10	16	2
9	1	24
20	21	10
7	2	21
7	29	17
7	19	11
7	12	25
5	11	26
14	18	11
8	8	6
17	9	1
3	14	11
30	3	22
1	1	7
6	3	16
2	4	3
2	15	16
11	21	2
29	10	11
6	2	27
25	12	11
12	12	1
6	16	21
4	5	11
11	12	0
22	18	19
12	23	10
2	30	2
2	0	8
30	28	8
7	29	15
1	4	5
9	14	1
23	7	25
11	18	7
12	13	26
23	0	8
23	2	28
1	13	10
20	10	16
22	8	24
2	0	4
27	29	4
2	8	30
11	12	5
16	10	6
5	4	30
5	25	2
22	23	2
22	4	10
10	29	4
20	25	8
22	5	1
2	5	0
0	0	12
3	25	11
19	13	27
13	6	4
15	2	31
8	0	0
14	31	23
0	8	25
13	26	8
2	12	13
8	8	15
28	8	25
8	4	7
25	16	21
10	13	17
1	8	2
3	10	27
27	13	14
26	26	20
7	24	18
26	5	15
0	29	29
2	8	26
23	14	6
2	1	29
17	8	8
9	11	8
9	0	13
14	6	0
17	8	3
14	29	0
21	12	10
24	19	15
9	8	14
24	4	13
5	14	2
0	27	26
16	18	12
19	5	4
3	28	1
6	7	2
13	17	30
2	25	20
0	16	22
25	6	25
0	20	4
15	7	11
4	1	8
31	21	26
17	23	3
23	0	4
19	9	9
30	2	23
4	11	8
31	22	8
20	31	0
3	18	12
5	18	5
5	20	9
18	28	16
20	5	7
3	12	24
18	1	12
19	11	24
12	10	19
1	1	2
26	6	4
22	25	3
9	0	7
3	13	7
0	17	9
4	15	10
8	24	23
15	9	18
11	0	3
31	2	1
23	6	13
1	3	19
24	2	31
14	6	24
9	3	0
0	15	7
3	26	16
2	9	12
4	5	4
2	4	12
18	9	1
5	20	13
12	6	10
1	18	0
2	23	0
17	15	27
11	6	8
10	9	17
10	2	20
0	3	21
19	0	7
7	5	12
7	3	14
1	0	9
10	20	19
17	22	25
11	25	12
10	27	16
2	3	17
10	13	18
17	10	20
30	18	13
24	20	27
0	17	20
6	16	7
20	5	29
11	2	4
31	23	6
16	1	9
7	19	23
14	2	5
22	17	23
3	0	29
21	10	14
12	10	3
4	30	8
18	12	14
0	7	12
8	23	24
10	25	9
11	12	2
22	3	26
22	15	28
6	31	19
12	9	12
10	30	17
1	14	6
22	2	10
0	11	12
24	22	20
0	3	10
15	20	19
25	10	8
1	22	10
18	1	30
7	29	26
9	1	14
12	14	22
10	14	5
3	11	29
3	9	27
12	26	6
18	26	7
6	29	31
1	28	5
19	5	27
3	4	6
1	1	17
27	5	11
7	19	8
6	0	20
21	0	3
7	14	2
19	27	19
14	6	3
21	5	3
22	13	24
3	28	17
11	3	0
19	23	12
5	23	19
0	11	30
8	25	7
2	1	3
22	18	22
6	2	7
3	18	5
0	9	15
6	28	23
24	3	3
5	25	8
25	9	11
20	24	7
17	10	18
13	8	25
18	9	18
10	14	13
6	18	28
11	11	6
22	31	26
7	29	12
0	18	10
4	11	14
9	2	15
26	10	7
3	28	18
2	17	6
10	4	30
27	5	1
24	4	7
16	17	9
27	2	1
30	17	10
18	12	16
4	27	7
20	12	29
19	24	2
0	14	6
6	6	4
3	30	1
4	27	4
4	10	21
2	20	5
1	2	12
10	27	7
16	6	5
12	4	6
30	4	18
19	6	21
5	27	8
5	9	19
3	18	0
14	30	28
7	19	5
27	6	0
4	7	8
7	5	9
27	27	22
13	5	6
18	10	2
29	21	20
22	10	25
9	3	16
1	11	8
2	6	14
16	13	9
13	15	14
20	13	12
3	29	2
21	4	21
29	4	9
10	1	30
13	16	10
16	25	5
10	3	3
8	1	6
9	21	6
19	1	21
20	14	17
16	10	5
9	4	12
31	19	19
9	5	29
31	22	9
25	7	11
15	7	4
11	18	12
15	4	12
5	8	18
14	1	16
22	4	14
6	1	7
14	24	4
1	19	23
5	8	10
25	22	3
17	8	0
28	7	10
3	0	1
30	14	30
5	7	14
21	7	5
3	9	6
3	8	16
22	7	3
0	12	5
27	21	2
1	22	16
19	8	9
17	30	30
14	13	3
20	3	0
24	15	13
17	8	11
12	14	5
17	30	25
25	2	11
28	31	11
22	10	3
6	11	18
11	0	11
6	2	17
17	0	24
11	5	3
31	15	6
19	7	9
26	25	7
7	29	2
2	24	14
0	10	1
20	9	26
26	9	21
23	12	17
9	19	1
0	9	8
7	10	9
2	4	8
7	16	2
2	8	14
8	0	31
29	2	6
27	14	0
12	1	1
11	15	2
22	4	7
7	30	12
27	12	11
10	7	11
16	13	10
2	2	11
7	1	8
13	22	17
19	24	5
8	19	17
14	24	7
16	19	14
14	0	18
14	10	29
12	27	18
3	12	8
19	16	7
17	10	12
7	7	31
6	24	2
20	3	3
7	4	5
3	4	2
4	12	7
8	16	9
21	7	8
15	19	24
24	8	14
7	1	29
9	6	2
27	1	3
10	13	2
15	3	5
27	19	8
4	0	17
29	3	8
29	4	24
27	23	28
16	19	23
28	6	13
22	2	1
10	18	4
1	23	19
19	30	2
26	16	26
16	10	14
23	5	18
27	8	14
6	20	3
3	4	25
27	28	2
19	1	30
17	8	18
16	26	15
13	3	4
24	26	21
1	1	18
11	5	22
1	5	27
9	3	10
22	0	27
27	6	19
6	5	5
12	26	4
6	26	22
23	3	22
5	22	26
13	2	27
10	1	16
12	6	4
6	6	0
5	10	8
5	11	19
7	7	6
4	29	2
16	14	24
9	23	8
6	0	1
0	15	2
31	10	18
23	13	11
0	1	20
23	4	1
22	6	4
1	18	16
20	9	30
20	1	8
5	7	26
5	3	11
16	3	28
20	6	9
23	22	3
20	0	1
22	26	1
23	8	14
6	11	3
27	19	10
20	6	17
30	24	11
1	4	11
12	0	5
18	14	1
9	7	20
28	2	10
20	4	6
0	3	15
11	4	20
5	31	10
1	14	17
11	5	14
4	27	1
10	13	26
4	13	4
0	15	30
8	24	8
11	20	3
7	0	18
12	20	5
8	29	12
27	14	1
20	10	31
28	10	17
7	1	4
18	28	0
20	0	3
18	2	19
7	26	31
1	30	0
6	0	23
1	19	7
27	6	17
11	12	9
16	28	17
11	27	13
15	24	2
20	12	5
1	18	14
7	15	26
16	8	1
20	10	6
0	0	1
27	17	0
21	7	7
5	8	7
5	12	0
29	11	3
7	16	20
14	6	19
11	6	7
8	4	16
17	26	11
11	9	3
27	2	0
24	16	2
6	26	17
8	18	3
5	9	16
28	2	12
28	13	13
11	25	2
2	1	18
16	17	13
13	6	16
15	23	2
18	22	22
1	31	4
18	9	24
5	6	9
28	5	14
16	2	6
11	6	4
8	13	15
14	30	5
9	8	10
6	18	7
24	12	30
7	3	16
6	5	31
28	12	12
14	11	6
8	29	28
27	0	16
1	5	16
28	4	9
25	23	0
7	23	14
19	0	27
1	26	28
24	4	5
4	6	8
7	20	9
25	16	23
0	5	29
18	8	16
9	4	14
3	4	21
1	13	1
8	10	11
0	5	3
4	2	8
14	2	4
1	5	22
24	14	25
18	7	22
15	27	6
0	7	0
19	9	20
18	6	15
17	16	6
14	0	2
10	9	0
2	25	8
17	6	30
4	1	9
13	3	11
7	18	14
5	3	4
20	24	13
17	9	22
3	9	4
22	13	31
5	8	21
30	3	1
27	7	18
15	10	7
7	22	21
6	2	1
7	4	2
17	10	0
16	8	25
12	2	3
21	25	0
11	20	11
12	7	0
11	5	25
19	8	17
5	22	0
17	2	13
5	1	14
28	14	20
9	13	24
29	4	18
6	13	1
10	11	1
28	19	10
7	4	13
5	1	6
7	6	19
13	4	9
9	21	19
12	9	27
16	19	1
6	10	0
16	0	0
27	15	4
16	0	5
18	7	4
5	21	7
13	23	6
8	26	3
11	6	0
25	9	9
10	28	6
23	1	10
11	1	23
19	1	6
26	2	1
27	24	20
2	4	1
5	0	9
10	8	14
9	13	12
2	3	6
5	5	12
9	24	2
12	7	1
5	6	0
6	10	1
2	12	3
5	20	30
31	7	15
16	18	13
5	1	16
15	3	1
10	25	4
3	14	6
12	0	2
0	9	30
13	4	15
1	9	17
2	12	8
14	14	27
2	5	22
30	7	7
21	8	28
14	27	7
1	0	29
10	25	17
0	2	2
6	26	2
30	0	21
6	8	9
17	26	28
2	16	0
8	29	2
28	11	24
19	1	31
4	9	7
15	19	22
1	0	0
6	0	29
0	19	9
0	18	16
5	21	9
1	10	15
16	24	24
10	24	27
3	15	2
14	0	7
6	19	2
12	19	26
27	6	12
19	11	23
0	9	5
14	25	26
5	29	1
26	6	2
18	2	14
0	27	0
8	9	0
3	4	15
27	4	31
5	30	3
9	15	18
13	16	17
10	30	6
31	3	18
7	16	0
6	22	10
11	2	16
13	13	30
8	14	24
2	5	7
21	29	14
1	16	30
8	0	1
14	17	28
8	25	29
20	7	5
10	19	15
13	19	6
22	23	15
2	5	14
16	10	9
12	6	12
10	7	29
13	6	6
0	16	14
27	2	10
31	5	8
14	5	0
11	17	16
2	15	22
10	28	25
2	9	9
27	9	11
21	12	28
16	20	1
18	7	21
10	0	20
27	20	20
21	13	19
10	21	3
3	10	9
30	26	28
27	0	9
3	25	20
6	0	16
13	20	12
20	12	0
11	4	9
5	14	10
17	13	8
12	18	30
3	25	28
1	22	1
10	0	30
31	6	5
14	3	13
16	11	3
3	8	7
8	18	0
13	25	22
18	21	17
31	6	28
25	8	6
19	28	16
26	4	10
1	29	6
25	22	15
15	15	11
15	7	8
2	16	13
21	1	18
13	0	5
16	3	30
25	8	13
12	28	15
31	7	14
30	1	17
14	21	9
0	23	2
2	9	3
12	18	9
19	23	20
12	8	8
8	17	29
1	2	4
18	11	2
10	4	11
7	20	7
1	28	12
3	20	25
6	15	10
8	4	4
23	13	2
28	26	7
22	0	6
16	11	23
30	16	29
2	4	16
4	6	24
11	20	5
2	9	8
17	8	31
19	22	10
3	7	14
29	0	2
25	23	4
6	25	26
1	17	7
12	9	26
0	2	4
4	9	22
16	10	11
13	20	8
20	7	1
6	29	2
21	14	20
17	2	14
10	29	31
24	7	1
28	18	12
4	3	18
29	13	1
7	9	16
0	23	3
29	20	8
22	21	13
24	13	5
0	20	1
22	4	16
1	22	4
10	29	16
6	8	14
7	4	15
9	9	3
14	18	0
7	30	5
1	9	12
13	5	19
1	5	26
21	16	31
7	1	12
21	14	16
17	26	17
17	26	20
13	27	13
18	5	5
7	3	15
5	11	14
7	6	15
8	1	17
29	1	27
13	22	5
3	25	6
12	3	22
15	26	14
31	17	4
6	0	4
7	3	9
29	8	3
3	0	6
13	11	3
6	9	10
15	21	13
1	27	14
9	0	9
13	20	3
3	5	10
26	3	21
29	21	0
4	2	7
21	19	18
3	23	13
14	13	17
0	25	5
31	26	16
28	9	24
11	30	10
23	8	7
13	15	28
4	26	16
19	22	15
4	0	4
3	1	9
22	7	0
13	6	10
14	13	7
6	1	2
14	10	4
18	14	2
18	6	0
14	27	5
11	2	28
9	1	31
1	30	8
13	11	24
11	1	8
27	20	1
4	5	29
4	6	4
0	21	14
4	0	14
0	9	0
30	30	16
25	0	5
8	31	2
29	5	21
19	10	2
17	14	10
8	21	22
3	7	23
11	11	4
8	27	24
13	16	6
22	26	10
14	14	20
9	4	27
12	12	7
20	14	8
23	6	21
1	23	23
1	16	21
0	3	26
27	1	1
11	26	9
22	15	16
11	0	4
5	18	8
1	2	10
15	26	20
5	28	11
18	8	11
10	5	11
2	17	27
23	31	5
12	28	7
28	12	21
4	18	15
16	25	21
3	25	16
27	24	29
10	0	9
29	17	4
7	3	3
4	21	7
6	12	28
19	5	3
14	0	12
22	25	18
2	19	15
5	1	5
1	22	3
22	2	18
1	11	4
3	10	16
2	25	16
9	5	4
2	6	18
9	19	17
26	3	17
26	25	12
6	3	4
23	2	3
22	22	17
10	12	8
28	8	21
20	6	5
9	30	0
5	6	6
3	13	6
27	3	12
25	7	26
6	29	23
23	24	3
3	9	0
31	7	1
4	23	17
16	13	1
14	1	8
25	7	27
7	17	20
18	0	9
19	18	2
8	27	3
22	22	31
7	0	1
3	7	10
0	10	0
19	14	15
0	28	0
10	9	13
19	25	23
28	5	18
5	5	25
8	8	7
0	22	0
8	4	1
9	7	23
31	21	8
28	12	2
16	15	0
0	2	30
23	26	2
5	13	10
25	0	16
15	16	3
29	9	4
19	19	0
23	10	10
15	22	20
15	2	24
0	19	1
14	5	11
0	3	1
10	15	2
17	10	14
25	31	15
7	27	28
18	16	1
2	18	1
28	10	13
10	4	1
11	11	2
8	21	0
19	12	11
17	5	31
0	1	2
0	19	7
1	31	12
28	16	7
19	0	15
10	2	25
10	3	0
4	0	7
12	12	13
10	10	14
15	26	8
7	2	17
21	10	16
5	15	15
1	5	17
6	20	13
16	23	1
20	10	0
9	10	30
0	13	11
20	3	5
5	22	27
8	4	24
1	20	13
7	25	13
13	16	5
0	16	27
8	10	2
13	2	10
1	15	1
11	20	6
13	22	18
15	28	0
14	31	31
5	24	4
5	4	22
22	5	20
9	29	1
17	10	6
22	14	21
29	12	13
3	2	0
6	5	10
29	8	8
24	13	8
11	20	1
13	26	28
15	11	11
0	21	12
12	27	26
0	17	0
6	5	4
4	3	7
4	1	25
31	2	9
3	28	31
2	24	11
1	16	7
6	15	28
21	10	20
2	17	29
22	0	25
15	1	3
7	16	27
25	10	14
1	11	26
3	15	11
5	14	24
30	0	6
11	3	10
17	9	6
26	17	4
7	24	2
15	5	4
30	12	8
3	12	12
25	4	11
22	7	23
18	6	11
11	3	6
1	3	1
9	26	1
4	27	24
4	5	22
13	24	7
0	29	0
8	14	0
6	12	4
28	28	18
21	12	5
14	18	25
7	22	3
5	7	9
7	14	29
19	3	30
5	6	2
10	24	6
8	0	6
4	14	1
6	7	11
31	9	8
30	15	6
4	17	18
1	4	19
18	30	13
6	25	19
5	14	11
17	20	10
25	12	30
26	7	25
6	28	14
12	1	21
24	29	31
30	29	19
15	6	1
4	4	23
29	9	3
4	25	2
2	12	9
15	6	29
12	28	26
26	1	24
5	17	6
22	2	9
2	3	28
2	31	22
0	7	5
11	7	28
21	8	10
0	18	11
12	9	25
2	11	14
7	3	7
16	15	3
31	5	25
25	27	20
5	9	26
1	24	18
11	14	7
18	9	16
27	19	25
5	6	1
11	5	7
4	15	13
6	19	3
5	14	27
9	4	9
2	30	0
26	3	16
13	4	0
12	25	20
5	9	10
29	3	0
27	12	16
23	24	21
24	11	10
31	28	10
3	22	0
13	2	2
8	8	25
2	15	14
26	15	2
8	14	18
22	13	27
29	12	18
27	5	0
24	25	22
4	1	22
18	16	21
1	16	20
24	17	9
23	10	19
2	11	9
29	9	10
5	9	15
28	6	0
8	8	13
21	4	10
10	5	6
14	10	1
12	24	29
22	30	4
7	2	23
6	8	8
9	8	1
24	8	1
8	3	13
0	13	1
13	0	19
1	25	0
19	14	10
19	6	8
22	7	22
28	1	16
1	6	15
1	4	6
27	16	12
13	17	3
16	5	26
8	18	6
4	19	31
11	14	12
17	15	23
2	2	20
28	20	8
7	16	21
6	10	25
12	3	12
9	1	10
4	16	7
14	3	4
10	1	3
1	13	9
12	20	4
11	20	7
1	24	11
11	5	19
27	2	6
3	1	21
9	0	22
2	10	25
0	22	3
18	9	17
2	10	22
1	30	31
10	6	21
26	7	27
7	5	16
26	20	14
10	0	28
18	10	13
2	19	6
0	6	7
27	12	1
3	16	15
7	24	4
21	17	0
22	8	21
11	19	19
9	21	18
3	25	19
16	13	13
13	18	4
10	29	22
20	20	6
4	30	7
27	10	9
15	16	25
2	6	31
0	4	31
28	4	1
6	31	7
2	15	15
11	22	21
1	15	26
13	8	13
4	2	5
20	29	7
4	12	27
18	7	13
26	5	21
27	27	21
29	19	6
4	2	31
24	7	3
10	8	4
17	2	25
3	6	0
5	13	3
13	23	2
20	21	5
15	1	6
4	22	6
21	19	0
1	26	2
0	12	17
1	26	15
11	4	10
1	3	6
21	19	20
5	4	28
4	3	15
24	1	13
8	8	17
14	14	4
21	5	2
1	28	3
13	31	16
2	19	17
17	19	28
16	17	17
1	21	21
2	0	18
4	4	18
8	3	30
12	12	18
2	21	12
0	10	20
23	3	8
24	26	5
21	23	26
7	26	6
19	22	1
9	22	29
13	14	16
3	1	28
2	24	16
22	31	2
3	15	13
8	23	8
10	2	8
22	24	5
18	25	2
11	7	3
5	13	19
17	16	2
20	7	14
14	2	20
9	16	0
0	6	25
4	9	11
22	4	26
15	9	7
25	19	17
10	31	27
23	7	9
8	11	1
7	17	23
19	10	19
9	6	5
18	17	7
9	17	0
11	12	3
9	9	8
17	5	6
16	9	28
1	12	8
18	14	17
16	21	3
24	7	10
11	25	27
8	1	16
18	4	10
21	18	10
4	8	9
1	5	7
17	26	31
3	16	25
19	23	3
29	17	2
16	11	13
16	7	4
14	25	17
27	1	7
6	1	15
7	6	2
25	23	5
23	6	12
7	5	6
29	14	27
16	19	15
4	2	17
2	11	12
22	7	10
30	24	14
10	8	18
1	5	3
29	7	0
12	26	16
2	3	23
10	0	16
19	8	13
23	13	25
12	9	3
26	7	21
28	14	12
27	9	1
1	18	8
2	16	8
11	5	9
10	4	9
1	25	30
18	27	23
12	2	9
6	5	20
21	13	3
4	22	5
7	4	17
2	22	18
0	6	10
5	15	25
8	20	28
0	7	3
19	10	13
26	1	7
5	12	3
10	13	5
11	2	9
3	3	6
6	31	10
13	17	7
13	31	14
19	0	6
5	18	1
25	23	7
1	4	12
29	28	30
5	11	28
10	2	2
25	15	14
10	11	4
4	4	17
14	23	9
10	27	11
3	13	3
17	8	27
13	0	15
12	2	28
14	28	20
6	16	14
21	7	25
14	27	4
5	18	2
1	4	18
7	21	5
12	14	1
30	15	9
31	0	23
25	17	2
11	16	16
23	5	0
19	27	20
7	8	13
26	20	2
13	27	29
26	25	19
7	19	16
27	14	31
13	26	1
20	20	18
28	25	26
1	14	12
15	12	16
9	13	1
10	16	14
14	3	28
20	12	1
22	28	23
7	19	20
31	23	17
18	0	20
24	15	4
9	21	20
8	26	1
30	1	13
4	28	10
12	15	4
19	30	3
2	8	9
31	7	10
4	15	2
13	26	12
3	6	20
30	11	23
24	18	15
0	20	30
5	16	16
9	12	20
17	16	7
6	7	23
17	3	7
9	9	17
27	1	14
24	29	0
10	3	7
28	13	8
16	17	18
28	10	24
9	16	14
25	2	14
11	4	7
31	13	21
2	3	9
14	9	13
1	3	14
11	2	31
19	7	5
16	6	23
12	7	13
31	4	6
16	2	0
10	5	5
6	8	12
31	3	6
9	15	29
5	18	14
11	6	21
15	1	2
20	2	1
12	18	28
2	26	16
13	1	2
18	6	8
5	15	5
24	24	19
0	7	24
6	10	19
2	17	24
28	0	23
8	16	1
7	5	0
8	1	2
4	1	0
31	17	21
16	28	24
22	13	14
15	20	5
8	5	30
11	31	1
16	11	12
19	3	6
7	13	20
15	18	30
22	11	26
8	15	25
9	2	22
0	27	14
0	11	1
1	16	22
4	11	2
12	3	26
1	6	0
19	21	12
5	1	12
18	20	5
27	13	1
11	3	22
26	28	26
6	2	24
8	2	1
22	18	14
30	5	23
9	13	19
22	24	16
3	18	28
16	17	10
17	14	14
9	0	16
16	3	9
29	12	29
19	3	3
1	11	23
14	1	0
28	10	10
23	2	5
11	1	0
13	28	1
25	4	16
23	28	0
25	0	1
9	18	12
30	24	0
7	10	13
4	14	12
9	28	19
4	2	24
0	10	8
3	19	8
27	5	3
31	0	11
21	8	7
14	8	5
17	18	0
0	8	2
10	4	28
17	5	17
0	9	4
4	5	3
22	18	17
10	17	23
7	11	0
5	6	18
18	25	3
17	2	1
20	3	8
5	13	4
13	8	30
14	20	11
10	8	1
1	3	10
24	4	1
1	13	16
8	20	12
1	7	13
7	4	12
28	9	2
12	3	24
19	19	1
29	17	3
15	25	1
11	16	28
9	3	6
16	22	19
3	15	0
30	8	2
21	16	28
26	9	2
1	21	5
7	7	8
30	12	2
22	4	3
4	20	8
10	7	6
27	19	13
10	9	2
17	17	28
20	26	0
8	15	10
6	0	15
0	2	5
22	5	4
4	18	31
7	7	20
27	19	5
16	12	22
20	17	0
17	22	3
4	15	23
24	1	9
10	2	0
2	9	19
5	8	16
0	25	23
10	1	8
21	0	4
11	13	16
3	13	10
16	7	24
4	22	29
21	31	13
27	21	17
9	21	11
13	11	6
7	16	24
7	28	12
10	0	0
13	6	18
21	20	20
22	27	1
8	7	8
6	6	7
9	25	26
3	4	11
0	1	13
23	0	16
18	5	2
30	14	6
12	4	13
22	7	26
27	10	24
8	13	29
7	6	12
26	19	21
11	7	20
27	1	0
7	17	0
31	19	9
26	29	6
7	8	22
6	15	19
18	8	20
11	7	11
3	1	31
6	12	11
29	24	6
20	20	26
3	22	26
19	18	19
11	26	18
20	0	0
24	12	4
29	13	18
18	27	0
16	5	7
28	12	24
1	30	12
2	8	12
14	2	0
31	5	12
15	12	1
3	17	9
4	21	22
10	4	18
4	24	10
11	0	22
3	17	6
13	16	19
16	27	15
5	9	20
16	5	10
5	10	2
1	22	17
9	1	20
17	12	16
19	22	21
4	24	11
0	30	22
8	10	7
15	11	19
6	16	30
19	7	22
30	22	9
5	7	12
7	8	2
21	5	11
23	18	2
2	3	15
3	12	27
24	8	10
4	7	5
24	2	10
8	1	4
13	27	28
20	8	3
27	15	9
2	16	31
0	21	4
18	10	15
12	17	4
19	6	23
10	9	19
1	7	8
0	17	16
4	6	1
3	14	18
30	6	14
9	2	13
3	6	8
4	24	25
0	13	17
0	9	18
9	18	13
16	7	15
8	9	3
29	27	25
5	31	12
13	23	17
19	15	11
3	16	6
1	13	22
18	3	10
7	9	11
2	6	3
10	3	14
13	1	4
5	10	1
18	9	14
2	28	27
14	12	20
3	9	25
18	2	10
13	8	16
13	10	27
22	15	25
4	4	31
11	25	4
30	27	11
21	4	23
24	5	26
10	0	27
4	13	24
15	24	1
20	5	17
1	1	6
25	6	29
4	14	19
26	16	6
8	3	27
2	10	5
12	24	11
9	31	25
30	10	16
5	25	1
30	15	8
12	0	12
24	0	19
12	18	4
24	2	25
11	23	27
16	26	5
3	17	3
14	2	28
2	23	1
28	26	21
31	1	3
5	1	3
4	9	23
5	1	9
6	26	21
19	21	7
3	3	7
19	14	2
5	15	30
9	3	12
4	0	5
1	28	15
24	31	13
15	5	9
14	8	18
25	13	1
12	1	6
11	1	24
17	18	5
11	2	8
3	6	29
7	11	16
2	3	19
18	17	18
1	31	15
1	17	28
27	21	0
3	25	12
10	22	26
17	12	13
23	16	23
19	20	16
10	5	10
27	31	21
12	16	20
25	4	5
18	15	7
10	18	28
9	16	1
16	28	13
0	26	4
23	10	0
7	31	7
22	1	31
21	6	0
25	26	21
6	3	1
14	22	16
10	15	1
1	3	29
19	18	17
1	29	24
21	4	7
18	26	29
11	11	14
3	27	12
13	9	21
5	1	0
11	0	0
17	0	10
31	12	18
16	26	29
2	30	14
11	8	19
4	0	29
23	8	10
14	9	16
5	1	1
8	22	1
29	5	30
7	29	14
14	14	19
16	25	15
2	5	11
23	14	30
5	1	13
20	12	8
2	5	1
10	3	31
8	22	7
11	30	6
13	24	2
18	1	24
7	13	2
15	24	0
14	5	6
1	9	7
22	16	2
24	4	8
4	21	17
15	11	12
12	0	22
19	14	16
4	8	3
2	12	12
27	21	10
8	13	8
28	8	2
2	8	17
12	23	11
20	6	26
1	23	26
28	10	1
13	27	8
16	5	0
6	31	1
4	19	2
16	8	21
15	3	3
10	12	9
13	5	28
26	16	25
10	28	13
24	1	5
1	15	2
11	8	6
0	7	23
8	6	1
6	23	12
2	6	28
20	27	28
9	7	11
30	11	28
6	13	25
14	2	2
8	1	1
6	1	9
7	12	0
5	3	0
26	21	8
11	22	1
4	18	4
3	2	3
3	4	10
8	23	4
0	18	27
20	20	11
4	21	18
6	5	3
30	4	12
13	0	7
31	3	27
13	4	3
18	3	11
20	9	3
15	23	6
4	2	9
0	22	5
13	8	8
4	19	11
2	7	15
1	1	5
3	30	0
8	20	21
21	20	26
25	12	8
6	16	13
28	16	16
21	9	0
7	26	27
16	10	13
3	5	16
4	26	27
0	24	2
15	0	1
3	20	1
29	7	11
1	7	19
17	7	7
31	13	24
12	25	27
20	23	12
14	3	0
10	16	20
3	17	18
17	2	2
9	16	12
12	3	1
21	2	26
17	11	25
14	0	16
6	4	23
16	31	15
12	2	12
13	10	0
2	15	12
17	1	10
29	0	20
7	22	16
5	0	2
10	7	10
1	3	12
1	12	10
24	27	21
17	16	11
15	11	1
16	3	25
16	3	0
12	23	20
4	23	14
10	3	4
9	18	28
6	14	16
24	2	17
24	8	20
6	2	2
22	23	21
25	1	24
10	1	13
8	15	27
8	10	1
12	11	17
29	18	31
1	9	29
4	16	5
8	27	26
5	13	5
2	15	13
14	4	0
8	16	12
21	16	1
9	19	13
1	28	1
26	18	31
26	6	27
19	7	24
15	10	27
23	14	28
31	6	11
3	5	6
6	4	9
1	5	6
2	24	13
9	9	9
5	15	6
27	4	24
15	12	8
17	0	25
21	11	0
10	21	6
4	27	0
25	24	21
18	3	7
25	12	3
16	4	31
26	21	9
25	8	12
9	0	23
25	4	4
10	6	13
31	30	5
18	5	25
4	0	9
11	19	7
19	11	14
6	2	10
29	21	1
5	13	29
24	28	17
1	18	18
14	11	4
12	8	23
6	4	0
10	8	13
3	14	4
0	13	0
16	5	12
14	31	0
11	15	20
8	4	8
30	21	11
14	16	1
13	1	16
3	26	6
6	1	19
0	3	19
23	8	26
13	0	23
24	17	17
4	10	29
8	16	14
23	2	4
19	22	5
22	27	12
19	8	21
2	20	0
30	11	3
11	11	27
0	4	24
0	4	9
5	3	24
28	9	10
31	6	12
26	7	0
23	23	1
22	10	10
28	29	16
0	12	30
30	3	7
8	20	27
1	6	21
18	13	1
9	29	25
1	12	1
3	6	6
2	19	13
9	4	2
2	31	21
29	30	5
16	1	3
10	9	30
15	18	2
3	5	11
26	19	0
2	25	19
7	23	26
24	22	3
12	21	5
24	11	11
5	22	5
5	22	7
3	19	12
6	6	15
2	23	10
1	8	19
16	10	27
4	2	29
18	4	2
23	13	9
30	26	7
1	27	1
